   0.1000000E+01   0.0000000E+00
   0.9999975E+00   0.2244795E-02
   0.9999899E+00   0.4489578E-02
   0.9999773E+00   0.6734338E-02
   0.9999597E+00   0.8979065E-02
   0.9999370E+00   0.1122375E-01
   0.9999093E+00   0.1346837E-01
   0.9998765E+00   0.1571293E-01
   0.9998388E+00   0.1795741E-01
   0.9997959E+00   0.2020179E-01
   0.9997481E+00   0.2244608E-01
   0.9996951E+00   0.2469025E-01
   0.9996372E+00   0.2693430E-01
   0.9995742E+00   0.2917821E-01
   0.9995062E+00   0.3142198E-01
   0.9994332E+00   0.3366558E-01
   0.9993551E+00   0.3590902E-01
   0.9992719E+00   0.3815228E-01
   0.9991838E+00   0.4039534E-01
   0.9990906E+00   0.4263820E-01
   0.9989923E+00   0.4488085E-01
   0.9988891E+00   0.4712327E-01
   0.9987808E+00   0.4936545E-01
   0.9986675E+00   0.5160738E-01
   0.9985491E+00   0.5384906E-01
   0.9984257E+00   0.5609046E-01
   0.9982973E+00   0.5833158E-01
   0.9981638E+00   0.6057240E-01
   0.9980253E+00   0.6281292E-01
   0.9978818E+00   0.6505313E-01
   0.9977333E+00   0.6729300E-01
   0.9975797E+00   0.6953254E-01
   0.9974211E+00   0.7177173E-01
   0.9972575E+00   0.7401055E-01
   0.9970888E+00   0.7624900E-01
   0.9969151E+00   0.7848707E-01
   0.9967364E+00   0.8072474E-01
   0.9965527E+00   0.8296201E-01
   0.9963640E+00   0.8519885E-01
   0.9961702E+00   0.8743527E-01
   0.9959714E+00   0.8967125E-01
   0.9957676E+00   0.9190677E-01
   0.9955588E+00   0.9414184E-01
   0.9953450E+00   0.9637642E-01
   0.9951261E+00   0.9861053E-01
   0.9949022E+00   0.1008441E+00
   0.9946734E+00   0.1030772E+00
   0.9944395E+00   0.1053098E+00
   0.9942006E+00   0.1075419E+00
   0.9939566E+00   0.1097734E+00
   0.9937077E+00   0.1120043E+00
   0.9934538E+00   0.1142347E+00
   0.9931949E+00   0.1164645E+00
   0.9929309E+00   0.1186937E+00
   0.9926620E+00   0.1209224E+00
   0.9923880E+00   0.1231504E+00
   0.9921091E+00   0.1253778E+00
   0.9918251E+00   0.1276045E+00
   0.9915362E+00   0.1298307E+00
   0.9912422E+00   0.1320561E+00
   0.9909433E+00   0.1342809E+00
   0.9906394E+00   0.1365051E+00
   0.9903305E+00   0.1387285E+00
   0.9900165E+00   0.1409512E+00
   0.9896976E+00   0.1431733E+00
   0.9893738E+00   0.1453946E+00
   0.9890449E+00   0.1476151E+00
   0.9887110E+00   0.1498350E+00
   0.9883722E+00   0.1520541E+00
   0.9880284E+00   0.1542724E+00
   0.9876796E+00   0.1564899E+00
   0.9873258E+00   0.1587066E+00
   0.9869670E+00   0.1609226E+00
   0.9866033E+00   0.1631377E+00
   0.9862346E+00   0.1653520E+00
   0.9858609E+00   0.1675655E+00
   0.9854823E+00   0.1697781E+00
   0.9850987E+00   0.1719899E+00
   0.9847101E+00   0.1742008E+00
   0.9843166E+00   0.1764109E+00
   0.9839181E+00   0.1786200E+00
   0.9835147E+00   0.1808282E+00
   0.9831063E+00   0.1830356E+00
   0.9826929E+00   0.1852420E+00
   0.9822746E+00   0.1874475E+00
   0.9818514E+00   0.1896520E+00
   0.9814232E+00   0.1918556E+00
   0.9809900E+00   0.1940582E+00
   0.9805519E+00   0.1962598E+00
   0.9801089E+00   0.1984605E+00
   0.9796609E+00   0.2006601E+00
   0.9792080E+00   0.2028587E+00
   0.9787502E+00   0.2050563E+00
   0.9782874E+00   0.2072529E+00
   0.9778197E+00   0.2094485E+00
   0.9773471E+00   0.2116429E+00
   0.9768695E+00   0.2138363E+00
   0.9763870E+00   0.2160287E+00
   0.9758996E+00   0.2182199E+00
   0.9754073E+00   0.2204101E+00
   0.9749101E+00   0.2225991E+00
   0.9744079E+00   0.2247870E+00
   0.9739009E+00   0.2269738E+00
   0.9733889E+00   0.2291594E+00
   0.9728720E+00   0.2313439E+00
   0.9723503E+00   0.2335272E+00
   0.9718236E+00   0.2357094E+00
   0.9712920E+00   0.2378903E+00
   0.9707556E+00   0.2400701E+00
   0.9702142E+00   0.2422486E+00
   0.9696680E+00   0.2444259E+00
   0.9691168E+00   0.2466020E+00
   0.9685608E+00   0.2487769E+00
   0.9679999E+00   0.2509505E+00
   0.9674342E+00   0.2531228E+00
   0.9668635E+00   0.2552938E+00
   0.9662880E+00   0.2574636E+00
   0.9657076E+00   0.2596321E+00
   0.9651224E+00   0.2617992E+00
   0.9645322E+00   0.2639651E+00
   0.9639373E+00   0.2661296E+00
   0.9633374E+00   0.2682928E+00
   0.9627327E+00   0.2704546E+00
   0.9621232E+00   0.2726150E+00
   0.9615088E+00   0.2747741E+00
   0.9608896E+00   0.2769318E+00
   0.9602655E+00   0.2790881E+00
   0.9596366E+00   0.2812430E+00
   0.9590028E+00   0.2833965E+00
   0.9583642E+00   0.2855485E+00
   0.9577208E+00   0.2876991E+00
   0.9570726E+00   0.2898483E+00
   0.9564195E+00   0.2919960E+00
   0.9557617E+00   0.2941422E+00
   0.9550990E+00   0.2962870E+00
   0.9544314E+00   0.2984302E+00
   0.9537591E+00   0.3005720E+00
   0.9530820E+00   0.3027122E+00
   0.9524001E+00   0.3048509E+00
   0.9517133E+00   0.3069881E+00
   0.9510218E+00   0.3091237E+00
   0.9503255E+00   0.3112578E+00
   0.9496244E+00   0.3133903E+00
   0.9489185E+00   0.3155212E+00
   0.9482078E+00   0.3176506E+00
   0.9474924E+00   0.3197783E+00
   0.9467722E+00   0.3219044E+00
   0.9460472E+00   0.3240289E+00
   0.9453174E+00   0.3261518E+00
   0.9445829E+00   0.3282730E+00
   0.9438436E+00   0.3303926E+00
   0.9430996E+00   0.3325105E+00
   0.9423508E+00   0.3346267E+00
   0.9415972E+00   0.3367412E+00
   0.9408389E+00   0.3388541E+00
   0.9400759E+00   0.3409652E+00
   0.9393081E+00   0.3430746E+00
   0.9385356E+00   0.3451823E+00
   0.9377584E+00   0.3472883E+00
   0.9369765E+00   0.3493925E+00
   0.9361898E+00   0.3514949E+00
   0.9353984E+00   0.3535956E+00
   0.9346023E+00   0.3556945E+00
   0.9338015E+00   0.3577916E+00
   0.9329960E+00   0.3598869E+00
   0.9321857E+00   0.3619803E+00
   0.9313708E+00   0.3640720E+00
   0.9305512E+00   0.3661618E+00
   0.9297269E+00   0.3682498E+00
   0.9288979E+00   0.3703359E+00
   0.9280642E+00   0.3724201E+00
   0.9272259E+00   0.3745025E+00
   0.9263829E+00   0.3765830E+00
   0.9255352E+00   0.3786616E+00
   0.9246828E+00   0.3807383E+00
   0.9238258E+00   0.3828130E+00
   0.9229642E+00   0.3848859E+00
   0.9220979E+00   0.3869568E+00
   0.9212269E+00   0.3890257E+00
   0.9203513E+00   0.3910927E+00
   0.9194710E+00   0.3931577E+00
   0.9185862E+00   0.3952208E+00
   0.9176967E+00   0.3972818E+00
   0.9168025E+00   0.3993408E+00
   0.9159038E+00   0.4013979E+00
   0.9150004E+00   0.4034529E+00
   0.9140925E+00   0.4055058E+00
   0.9131799E+00   0.4075568E+00
   0.9122627E+00   0.4096056E+00
   0.9113409E+00   0.4116525E+00
   0.9104145E+00   0.4136972E+00
   0.9094836E+00   0.4157398E+00
   0.9085480E+00   0.4177804E+00
   0.9076079E+00   0.4198188E+00
   0.9066632E+00   0.4218552E+00
   0.9057140E+00   0.4238894E+00
   0.9047601E+00   0.4259215E+00
   0.9038018E+00   0.4279514E+00
   0.9028388E+00   0.4299792E+00
   0.9018713E+00   0.4320048E+00
   0.9008993E+00   0.4340282E+00
   0.8999227E+00   0.4360494E+00
   0.8989416E+00   0.4380685E+00
   0.8979560E+00   0.4400853E+00
   0.8969658E+00   0.4420999E+00
   0.8959711E+00   0.4441123E+00
   0.8949719E+00   0.4461225E+00
   0.8939682E+00   0.4481304E+00
   0.8929600E+00   0.4501360E+00
   0.8919473E+00   0.4521394E+00
   0.8909301E+00   0.4541405E+00
   0.8899084E+00   0.4561393E+00
   0.8888822E+00   0.4581358E+00
   0.8878515E+00   0.4601300E+00
   0.8868164E+00   0.4621219E+00
   0.8857768E+00   0.4641115E+00
   0.8847327E+00   0.4660987E+00
   0.8836842E+00   0.4680836E+00
   0.8826312E+00   0.4700661E+00
   0.8815738E+00   0.4720462E+00
   0.8805119E+00   0.4740240E+00
   0.8794456E+00   0.4759993E+00
   0.8783749E+00   0.4779723E+00
   0.8772997E+00   0.4799429E+00
   0.8762202E+00   0.4819110E+00
   0.8751362E+00   0.4838768E+00
   0.8740477E+00   0.4858400E+00
   0.8729549E+00   0.4878009E+00
   0.8718577E+00   0.4897592E+00
   0.8707561E+00   0.4917152E+00
   0.8696501E+00   0.4936686E+00
   0.8685397E+00   0.4956195E+00
   0.8674250E+00   0.4975680E+00
   0.8663059E+00   0.4995139E+00
   0.8651824E+00   0.5014573E+00
   0.8640545E+00   0.5033982E+00
   0.8629223E+00   0.5053366E+00
   0.8617858E+00   0.5072724E+00
   0.8606449E+00   0.5092056E+00
   0.8594997E+00   0.5111363E+00
   0.8583501E+00   0.5130644E+00
   0.8571962E+00   0.5149900E+00
   0.8560380E+00   0.5169129E+00
   0.8548755E+00   0.5188332E+00
   0.8537086E+00   0.5207509E+00
   0.8525375E+00   0.5226660E+00
   0.8513621E+00   0.5245785E+00
   0.8501824E+00   0.5264883E+00
   0.8489984E+00   0.5283955E+00
   0.8478101E+00   0.5302999E+00
   0.8466175E+00   0.5322018E+00
   0.8454207E+00   0.5341009E+00
   0.8442197E+00   0.5359974E+00
   0.8430143E+00   0.5378911E+00
   0.8418047E+00   0.5397822E+00
   0.8405909E+00   0.5416705E+00
   0.8393729E+00   0.5435561E+00
   0.8381506E+00   0.5454389E+00
   0.8369241E+00   0.5473190E+00
   0.8356933E+00   0.5491964E+00
   0.8344584E+00   0.5510709E+00
   0.8332193E+00   0.5529427E+00
   0.8319759E+00   0.5548117E+00
   0.8307284E+00   0.5566780E+00
   0.8294767E+00   0.5585414E+00
   0.8282208E+00   0.5604020E+00
   0.8269607E+00   0.5622597E+00
   0.8256964E+00   0.5641147E+00
   0.8244280E+00   0.5659668E+00
   0.8231555E+00   0.5678160E+00
   0.8218788E+00   0.5696624E+00
   0.8205979E+00   0.5715059E+00
   0.8193130E+00   0.5733466E+00
   0.8180238E+00   0.5751843E+00
   0.8167306E+00   0.5770192E+00
   0.8154333E+00   0.5788511E+00
   0.8141318E+00   0.5806801E+00
   0.8128263E+00   0.5825062E+00
   0.8115166E+00   0.5843294E+00
   0.8102029E+00   0.5861496E+00
   0.8088850E+00   0.5879668E+00
   0.8075631E+00   0.5897811E+00
   0.8062372E+00   0.5915925E+00
   0.8049071E+00   0.5934008E+00
   0.8035730E+00   0.5952062E+00
   0.8022349E+00   0.5970085E+00
   0.8008927E+00   0.5988079E+00
   0.7995465E+00   0.6006042E+00
   0.7981962E+00   0.6023975E+00
   0.7968420E+00   0.6041878E+00
   0.7954837E+00   0.6059750E+00
   0.7941214E+00   0.6077592E+00
   0.7927551E+00   0.6095403E+00
   0.7913848E+00   0.6113183E+00
   0.7900105E+00   0.6130933E+00
   0.7886323E+00   0.6148651E+00
   0.7872500E+00   0.6166339E+00
   0.7858638E+00   0.6183996E+00
   0.7844737E+00   0.6201621E+00
   0.7830796E+00   0.6219215E+00
   0.7816815E+00   0.6236778E+00
   0.7802795E+00   0.6254310E+00
   0.7788736E+00   0.6271810E+00
   0.7774637E+00   0.6289278E+00
   0.7760499E+00   0.6306715E+00
   0.7746323E+00   0.6324119E+00
   0.7732107E+00   0.6341492E+00
   0.7717852E+00   0.6358833E+00
   0.7703558E+00   0.6376142E+00
   0.7689226E+00   0.6393419E+00
   0.7674854E+00   0.6410664E+00
   0.7660444E+00   0.6427876E+00
   0.7645996E+00   0.6445056E+00
   0.7631509E+00   0.6462203E+00
   0.7616983E+00   0.6479318E+00
   0.7602419E+00   0.6496401E+00
   0.7587817E+00   0.6513450E+00
   0.7573177E+00   0.6530467E+00
   0.7558498E+00   0.6547451E+00
   0.7543781E+00   0.6564401E+00
   0.7529026E+00   0.6581319E+00
   0.7514234E+00   0.6598204E+00
   0.7499403E+00   0.6615055E+00
   0.7484535E+00   0.6631873E+00
   0.7469629E+00   0.6648657E+00
   0.7454685E+00   0.6665408E+00
   0.7439704E+00   0.6682126E+00
   0.7424685E+00   0.6698810E+00
   0.7409629E+00   0.6715460E+00
   0.7394536E+00   0.6732076E+00
   0.7379405E+00   0.6748658E+00
   0.7364237E+00   0.6765206E+00
   0.7349032E+00   0.6781720E+00
   0.7333790E+00   0.6798200E+00
   0.7318511E+00   0.6814646E+00
   0.7303195E+00   0.6831058E+00
   0.7287842E+00   0.6847434E+00
   0.7272453E+00   0.6863777E+00
   0.7257026E+00   0.6880085E+00
   0.7241564E+00   0.6896358E+00
   0.7226065E+00   0.6912596E+00
   0.7210529E+00   0.6928800E+00
   0.7194957E+00   0.6944969E+00
   0.7179349E+00   0.6961102E+00
   0.7163705E+00   0.6977201E+00
   0.7148024E+00   0.6993265E+00
   0.7132308E+00   0.7009293E+00
   0.7116555E+00   0.7025286E+00
   0.7100767E+00   0.7041243E+00
   0.7084943E+00   0.7057165E+00
   0.7069083E+00   0.7073052E+00
   0.7053188E+00   0.7088902E+00
   0.7037257E+00   0.7104718E+00
   0.7021291E+00   0.7120497E+00
   0.7005289E+00   0.7136240E+00
   0.6989252E+00   0.7151948E+00
   0.6973180E+00   0.7167619E+00
   0.6957072E+00   0.7183254E+00
   0.6940930E+00   0.7198854E+00
   0.6924752E+00   0.7214416E+00
   0.6908540E+00   0.7229943E+00
   0.6892293E+00   0.7245433E+00
   0.6876011E+00   0.7260886E+00
   0.6859695E+00   0.7276303E+00
   0.6843343E+00   0.7291684E+00
   0.6826958E+00   0.7307027E+00
   0.6810538E+00   0.7322334E+00
   0.6794084E+00   0.7337604E+00
   0.6777595E+00   0.7352837E+00
   0.6761072E+00   0.7368032E+00
   0.6744516E+00   0.7383191E+00
   0.6727925E+00   0.7398312E+00
   0.6711300E+00   0.7413397E+00
   0.6694642E+00   0.7428443E+00
   0.6677950E+00   0.7443453E+00
   0.6661224E+00   0.7458425E+00
   0.6644464E+00   0.7473359E+00
   0.6627671E+00   0.7488256E+00
   0.6610845E+00   0.7503114E+00
   0.6593986E+00   0.7517936E+00
   0.6577093E+00   0.7532719E+00
   0.6560167E+00   0.7547464E+00
   0.6543208E+00   0.7562171E+00
   0.6526216E+00   0.7576840E+00
   0.6509191E+00   0.7591471E+00
   0.6492133E+00   0.7606064E+00
   0.6475043E+00   0.7620618E+00
   0.6457920E+00   0.7635134E+00
   0.6440764E+00   0.7649612E+00
   0.6423576E+00   0.7664051E+00
   0.6406356E+00   0.7678451E+00
   0.6389103E+00   0.7692812E+00
   0.6371818E+00   0.7707135E+00
   0.6354501E+00   0.7721419E+00
   0.6337152E+00   0.7735664E+00
   0.6319771E+00   0.7749871E+00
   0.6302358E+00   0.7764038E+00
   0.6284914E+00   0.7778166E+00
   0.6267438E+00   0.7792254E+00
   0.6249930E+00   0.7806304E+00
   0.6232390E+00   0.7820314E+00
   0.6214820E+00   0.7834285E+00
   0.6197218E+00   0.7848216E+00
   0.6179585E+00   0.7862108E+00
   0.6161920E+00   0.7875960E+00
   0.6144225E+00   0.7889772E+00
   0.6126498E+00   0.7903545E+00
   0.6108741E+00   0.7917278E+00
   0.6090953E+00   0.7930970E+00
   0.6073134E+00   0.7944623E+00
   0.6055285E+00   0.7958236E+00
   0.6037405E+00   0.7971809E+00
   0.6019495E+00   0.7985342E+00
   0.6001554E+00   0.7998834E+00
   0.5983583E+00   0.8012286E+00
   0.5965582E+00   0.8025698E+00
   0.5947551E+00   0.8039069E+00
   0.5929490E+00   0.8052400E+00
   0.5911399E+00   0.8065690E+00
   0.5893278E+00   0.8078940E+00
   0.5875128E+00   0.8092149E+00
   0.5856948E+00   0.8105317E+00
   0.5838739E+00   0.8118444E+00
   0.5820500E+00   0.8131530E+00
   0.5802231E+00   0.8144576E+00
   0.5783934E+00   0.8157580E+00
   0.5765607E+00   0.8170543E+00
   0.5747251E+00   0.8183465E+00
   0.5728867E+00   0.8196346E+00
   0.5710453E+00   0.8209185E+00
   0.5692011E+00   0.8221983E+00
   0.5673540E+00   0.8234740E+00
   0.5655040E+00   0.8247455E+00
   0.5636512E+00   0.8260129E+00
   0.5617956E+00   0.8272761E+00
   0.5599371E+00   0.8285351E+00
   0.5580758E+00   0.8297900E+00
   0.5562117E+00   0.8310407E+00
   0.5543448E+00   0.8322871E+00
   0.5524750E+00   0.8335294E+00
   0.5506025E+00   0.8347675E+00
   0.5487273E+00   0.8360014E+00
   0.5468492E+00   0.8372311E+00
   0.5449685E+00   0.8384565E+00
   0.5430849E+00   0.8396778E+00
   0.5411986E+00   0.8408948E+00
   0.5393096E+00   0.8421075E+00
   0.5374179E+00   0.8433161E+00
   0.5355235E+00   0.8445203E+00
   0.5336264E+00   0.8457203E+00
   0.5317266E+00   0.8469161E+00
   0.5298241E+00   0.8481076E+00
   0.5279189E+00   0.8492948E+00
   0.5260111E+00   0.8504777E+00
   0.5241006E+00   0.8516564E+00
   0.5221875E+00   0.8528307E+00
   0.5202718E+00   0.8540008E+00
   0.5183534E+00   0.8551665E+00
   0.5164324E+00   0.8563280E+00
   0.5145088E+00   0.8574851E+00
   0.5125827E+00   0.8586379E+00
   0.5106539E+00   0.8597864E+00
   0.5087226E+00   0.8609305E+00
   0.5067887E+00   0.8620703E+00
   0.5048522E+00   0.8632058E+00
   0.5029132E+00   0.8643369E+00
   0.5009717E+00   0.8654637E+00
   0.4990277E+00   0.8665861E+00
   0.4970811E+00   0.8677041E+00
   0.4951320E+00   0.8688177E+00
   0.4931805E+00   0.8699270E+00
   0.4912264E+00   0.8710319E+00
   0.4892699E+00   0.8721324E+00
   0.4873109E+00   0.8732285E+00
   0.4853494E+00   0.8743203E+00
   0.4833856E+00   0.8754076E+00
   0.4814192E+00   0.8764905E+00
   0.4794505E+00   0.8775689E+00
   0.4774793E+00   0.8786430E+00
   0.4755057E+00   0.8797126E+00
   0.4735298E+00   0.8807778E+00
   0.4715514E+00   0.8818386E+00
   0.4695707E+00   0.8828949E+00
   0.4675876E+00   0.8839468E+00
   0.4656021E+00   0.8849942E+00
   0.4636143E+00   0.8860371E+00
   0.4616242E+00   0.8870756E+00
   0.4596317E+00   0.8881096E+00
   0.4576369E+00   0.8891392E+00
   0.4556398E+00   0.8901642E+00
   0.4536404E+00   0.8911848E+00
   0.4516388E+00   0.8922009E+00
   0.4496348E+00   0.8932125E+00
   0.4476286E+00   0.8942196E+00
   0.4456201E+00   0.8952221E+00
   0.4436094E+00   0.8962202E+00
   0.4415965E+00   0.8972138E+00
   0.4395813E+00   0.8982028E+00
   0.4375639E+00   0.8991873E+00
   0.4355443E+00   0.9001673E+00
   0.4335225E+00   0.9011427E+00
   0.4314986E+00   0.9021136E+00
   0.4294724E+00   0.9030800E+00
   0.4274441E+00   0.9040418E+00
   0.4254136E+00   0.9049990E+00
   0.4233810E+00   0.9059517E+00
   0.4213463E+00   0.9068998E+00
   0.4193094E+00   0.9078434E+00
   0.4172705E+00   0.9087824E+00
   0.4152294E+00   0.9097168E+00
   0.4131862E+00   0.9106466E+00
   0.4111409E+00   0.9115718E+00
   0.4090936E+00   0.9124924E+00
   0.4070442E+00   0.9134084E+00
   0.4049928E+00   0.9143199E+00
   0.4029393E+00   0.9152267E+00
   0.4008838E+00   0.9161289E+00
   0.3988263E+00   0.9170265E+00
   0.3967667E+00   0.9179195E+00
   0.3947052E+00   0.9188078E+00
   0.3926417E+00   0.9196915E+00
   0.3905761E+00   0.9205706E+00
   0.3885087E+00   0.9214451E+00
   0.3864392E+00   0.9223149E+00
   0.3843679E+00   0.9231800E+00
   0.3822945E+00   0.9240405E+00
   0.3802193E+00   0.9248964E+00
   0.3781421E+00   0.9257476E+00
   0.3760631E+00   0.9265941E+00
   0.3739821E+00   0.9274359E+00
   0.3718993E+00   0.9282731E+00
   0.3698145E+00   0.9291056E+00
   0.3677280E+00   0.9299334E+00
   0.3656395E+00   0.9307565E+00
   0.3635492E+00   0.9315750E+00
   0.3614571E+00   0.9323887E+00
   0.3593632E+00   0.9331978E+00
   0.3572675E+00   0.9340021E+00
   0.3551699E+00   0.9348018E+00
   0.3530706E+00   0.9355967E+00
   0.3509695E+00   0.9363869E+00
   0.3488666E+00   0.9371724E+00
   0.3467620E+00   0.9379532E+00
   0.3446556E+00   0.9387292E+00
   0.3425474E+00   0.9395005E+00
   0.3404376E+00   0.9402671E+00
   0.3383260E+00   0.9410290E+00
   0.3362128E+00   0.9417861E+00
   0.3340978E+00   0.9425384E+00
   0.3319812E+00   0.9432860E+00
   0.3298628E+00   0.9440289E+00
   0.3277428E+00   0.9447670E+00
   0.3256212E+00   0.9455003E+00
   0.3234979E+00   0.9462289E+00
   0.3213730E+00   0.9469527E+00
   0.3192465E+00   0.9476717E+00
   0.3171184E+00   0.9483860E+00
   0.3149887E+00   0.9490954E+00
   0.3128573E+00   0.9498001E+00
   0.3107244E+00   0.9505000E+00
   0.3085900E+00   0.9511952E+00
   0.3064540E+00   0.9518855E+00
   0.3043164E+00   0.9525710E+00
   0.3021773E+00   0.9532517E+00
   0.3000367E+00   0.9539277E+00
   0.2978946E+00   0.9545988E+00
   0.2957509E+00   0.9552651E+00
   0.2936058E+00   0.9559266E+00
   0.2914592E+00   0.9565833E+00
   0.2893112E+00   0.9572351E+00
   0.2871616E+00   0.9578821E+00
   0.2850107E+00   0.9585243E+00
   0.2828582E+00   0.9591617E+00
   0.2807044E+00   0.9597943E+00
   0.2785492E+00   0.9604220E+00
   0.2763925E+00   0.9610448E+00
   0.2742345E+00   0.9616629E+00
   0.2720750E+00   0.9622760E+00
   0.2699142E+00   0.9628844E+00
   0.2677521E+00   0.9634878E+00
   0.2655886E+00   0.9640865E+00
   0.2634237E+00   0.9646802E+00
   0.2612576E+00   0.9652691E+00
   0.2590901E+00   0.9658532E+00
   0.2569213E+00   0.9664323E+00
   0.2547512E+00   0.9670066E+00
   0.2525798E+00   0.9675761E+00
   0.2504072E+00   0.9681406E+00
   0.2482333E+00   0.9687003E+00
   0.2460581E+00   0.9692551E+00
   0.2438817E+00   0.9698050E+00
   0.2417041E+00   0.9703500E+00
   0.2395252E+00   0.9708901E+00
   0.2373452E+00   0.9714254E+00
   0.2351639E+00   0.9719557E+00
   0.2329815E+00   0.9724812E+00
   0.2307979E+00   0.9730017E+00
   0.2286131E+00   0.9735174E+00
   0.2264272E+00   0.9740281E+00
   0.2242401E+00   0.9745339E+00
   0.2220519E+00   0.9750348E+00
   0.2198626E+00   0.9755308E+00
   0.2176722E+00   0.9760219E+00
   0.2154807E+00   0.9765081E+00
   0.2132881E+00   0.9769894E+00
   0.2110944E+00   0.9774657E+00
   0.2088997E+00   0.9779371E+00
   0.2067039E+00   0.9784036E+00
   0.2045070E+00   0.9788651E+00
   0.2023092E+00   0.9793217E+00
   0.2001103E+00   0.9797734E+00
   0.1979104E+00   0.9802201E+00
   0.1957095E+00   0.9806619E+00
   0.1935076E+00   0.9810988E+00
   0.1913048E+00   0.9815307E+00
   0.1891010E+00   0.9819577E+00
   0.1868962E+00   0.9823797E+00
   0.1846905E+00   0.9827967E+00
   0.1824838E+00   0.9832089E+00
   0.1802763E+00   0.9836160E+00
   0.1780678E+00   0.9840182E+00
   0.1758584E+00   0.9844155E+00
   0.1736482E+00   0.9848078E+00
   0.1714370E+00   0.9851951E+00
   0.1692251E+00   0.9855774E+00
   0.1670122E+00   0.9859548E+00
   0.1647985E+00   0.9863273E+00
   0.1625840E+00   0.9866947E+00
   0.1603687E+00   0.9870572E+00
   0.1581525E+00   0.9874147E+00
   0.1559356E+00   0.9877672E+00
   0.1537179E+00   0.9881148E+00
   0.1514994E+00   0.9884574E+00
   0.1492801E+00   0.9887950E+00
   0.1470601E+00   0.9891276E+00
   0.1448393E+00   0.9894552E+00
   0.1426178E+00   0.9897778E+00
   0.1403956E+00   0.9900955E+00
   0.1381727E+00   0.9904082E+00
   0.1359491E+00   0.9907158E+00
   0.1337248E+00   0.9910185E+00
   0.1314998E+00   0.9913162E+00
   0.1292742E+00   0.9916089E+00
   0.1270479E+00   0.9918966E+00
   0.1248210E+00   0.9921793E+00
   0.1225934E+00   0.9924570E+00
   0.1203653E+00   0.9927297E+00
   0.1181365E+00   0.9929974E+00
   0.1159071E+00   0.9932601E+00
   0.1136772E+00   0.9935177E+00
   0.1114466E+00   0.9937704E+00
   0.1092155E+00   0.9940181E+00
   0.1069839E+00   0.9942608E+00
   0.1047517E+00   0.9944984E+00
   0.1025190E+00   0.9947310E+00
   0.1002858E+00   0.9949587E+00
   0.9805205E-01   0.9951813E+00
   0.9581782E-01   0.9953989E+00
   0.9358311E-01   0.9956115E+00
   0.9134794E-01   0.9958190E+00
   0.8911230E-01   0.9960216E+00
   0.8687621E-01   0.9962191E+00
   0.8463968E-01   0.9964116E+00
   0.8240273E-01   0.9965991E+00
   0.8016536E-01   0.9967816E+00
   0.7792759E-01   0.9969590E+00
   0.7568942E-01   0.9971314E+00
   0.7345088E-01   0.9972988E+00
   0.7121196E-01   0.9974612E+00
   0.6897269E-01   0.9976185E+00
   0.6673306E-01   0.9977709E+00
   0.6449311E-01   0.9979182E+00
   0.6225282E-01   0.9980604E+00
   0.6001222E-01   0.9981976E+00
   0.5777133E-01   0.9983298E+00
   0.5553013E-01   0.9984570E+00
   0.5328866E-01   0.9985791E+00
   0.5104692E-01   0.9986963E+00
   0.4880493E-01   0.9988083E+00
   0.4656268E-01   0.9989154E+00
   0.4432021E-01   0.9990174E+00
   0.4207751E-01   0.9991143E+00
   0.3983459E-01   0.9992063E+00
   0.3759148E-01   0.9992932E+00
   0.3534818E-01   0.9993751E+00
   0.3310470E-01   0.9994519E+00
   0.3086105E-01   0.9995237E+00
   0.2861725E-01   0.9995904E+00
   0.2637330E-01   0.9996522E+00
   0.2412922E-01   0.9997088E+00
   0.2188502E-01   0.9997605E+00
   0.1964071E-01   0.9998071E+00
   0.1739630E-01   0.9998487E+00
   0.1515180E-01   0.9998852E+00
   0.1290722E-01   0.9999167E+00
   0.1066258E-01   0.9999432E+00
   0.8417887E-02   0.9999646E+00
   0.6173151E-02   0.9999809E+00
   0.3928384E-02   0.9999923E+00
   0.1683597E-02   0.9999986E+00
  -0.5611991E-03   0.9999998E+00
  -0.2805992E-02   0.9999961E+00
  -0.5050771E-02   0.9999872E+00
  -0.7295524E-02   0.9999734E+00
  -0.9540240E-02   0.9999545E+00
  -0.1178491E-01   0.9999306E+00
  -0.1402952E-01   0.9999016E+00
  -0.1627406E-01   0.9998676E+00
  -0.1851851E-01   0.9998285E+00
  -0.2076288E-01   0.9997844E+00
  -0.2300713E-01   0.9997353E+00
  -0.2525128E-01   0.9996811E+00
  -0.2749529E-01   0.9996219E+00
  -0.2973917E-01   0.9995577E+00
  -0.3198289E-01   0.9994884E+00
  -0.3422646E-01   0.9994141E+00
  -0.3646985E-01   0.9993348E+00
  -0.3871306E-01   0.9992504E+00
  -0.4095608E-01   0.9991609E+00
  -0.4319888E-01   0.9990665E+00
  -0.4544147E-01   0.9989670E+00
  -0.4768384E-01   0.9988625E+00
  -0.4992596E-01   0.9987529E+00
  -0.5216783E-01   0.9986383E+00
  -0.5440943E-01   0.9985187E+00
  -0.5665077E-01   0.9983941E+00
  -0.5889181E-01   0.9982644E+00
  -0.6113256E-01   0.9981297E+00
  -0.6337300E-01   0.9979899E+00
  -0.6561313E-01   0.9978451E+00
  -0.6785292E-01   0.9976953E+00
  -0.7009237E-01   0.9975405E+00
  -0.7233147E-01   0.9973806E+00
  -0.7457020E-01   0.9972158E+00
  -0.7680856E-01   0.9970459E+00
  -0.7904652E-01   0.9968709E+00
  -0.8128410E-01   0.9966910E+00
  -0.8352126E-01   0.9965060E+00
  -0.8575800E-01   0.9963160E+00
  -0.8799431E-01   0.9961210E+00
  -0.9023017E-01   0.9959209E+00
  -0.9246558E-01   0.9957159E+00
  -0.9470053E-01   0.9955058E+00
  -0.9693500E-01   0.9952907E+00
  -0.9916897E-01   0.9950706E+00
  -0.1014025E+00   0.9948455E+00
  -0.1036354E+00   0.9946154E+00
  -0.1058679E+00   0.9943802E+00
  -0.1080998E+00   0.9941400E+00
  -0.1103311E+00   0.9938949E+00
  -0.1125620E+00   0.9936447E+00
  -0.1147922E+00   0.9933895E+00
  -0.1170219E+00   0.9931293E+00
  -0.1192509E+00   0.9928641E+00
  -0.1214794E+00   0.9925940E+00
  -0.1237073E+00   0.9923188E+00
  -0.1259345E+00   0.9920386E+00
  -0.1281611E+00   0.9917534E+00
  -0.1303871E+00   0.9914632E+00
  -0.1326124E+00   0.9911680E+00
  -0.1348370E+00   0.9908678E+00
  -0.1370610E+00   0.9905626E+00
  -0.1392842E+00   0.9902524E+00
  -0.1415068E+00   0.9899373E+00
  -0.1437287E+00   0.9896171E+00
  -0.1459498E+00   0.9892920E+00
  -0.1481702E+00   0.9889619E+00
  -0.1503898E+00   0.9886268E+00
  -0.1526087E+00   0.9882867E+00
  -0.1548268E+00   0.9879416E+00
  -0.1570442E+00   0.9875916E+00
  -0.1592607E+00   0.9872366E+00
  -0.1614764E+00   0.9868766E+00
  -0.1636914E+00   0.9865116E+00
  -0.1659055E+00   0.9861417E+00
  -0.1681187E+00   0.9857668E+00
  -0.1703312E+00   0.9853869E+00
  -0.1725427E+00   0.9850020E+00
  -0.1747534E+00   0.9846122E+00
  -0.1769632E+00   0.9842175E+00
  -0.1791721E+00   0.9838177E+00
  -0.1813802E+00   0.9834131E+00
  -0.1835873E+00   0.9830034E+00
  -0.1857934E+00   0.9825888E+00
  -0.1879987E+00   0.9821693E+00
  -0.1902030E+00   0.9817448E+00
  -0.1924063E+00   0.9813153E+00
  -0.1946087E+00   0.9808810E+00
  -0.1968101E+00   0.9804416E+00
  -0.1990105E+00   0.9799974E+00
  -0.2012099E+00   0.9795482E+00
  -0.2034082E+00   0.9790940E+00
  -0.2056056E+00   0.9786349E+00
  -0.2078019E+00   0.9781709E+00
  -0.2099972E+00   0.9777020E+00
  -0.2121914E+00   0.9772281E+00
  -0.2143845E+00   0.9767493E+00
  -0.2165766E+00   0.9762656E+00
  -0.2187676E+00   0.9757770E+00
  -0.2209574E+00   0.9752835E+00
  -0.2231462E+00   0.9747850E+00
  -0.2253338E+00   0.9742816E+00
  -0.2275203E+00   0.9737733E+00
  -0.2297057E+00   0.9732601E+00
  -0.2318898E+00   0.9727421E+00
  -0.2340729E+00   0.9722191E+00
  -0.2362547E+00   0.9716912E+00
  -0.2384354E+00   0.9711584E+00
  -0.2406148E+00   0.9706207E+00
  -0.2427930E+00   0.9700781E+00
  -0.2449701E+00   0.9695306E+00
  -0.2471458E+00   0.9689783E+00
  -0.2493204E+00   0.9684211E+00
  -0.2514937E+00   0.9678589E+00
  -0.2536657E+00   0.9672920E+00
  -0.2558364E+00   0.9667201E+00
  -0.2580058E+00   0.9661434E+00
  -0.2601740E+00   0.9655618E+00
  -0.2623408E+00   0.9649753E+00
  -0.2645063E+00   0.9643840E+00
  -0.2666705E+00   0.9637878E+00
  -0.2688333E+00   0.9631867E+00
  -0.2709948E+00   0.9625808E+00
  -0.2731549E+00   0.9619701E+00
  -0.2753137E+00   0.9613545E+00
  -0.2774710E+00   0.9607340E+00
  -0.2796270E+00   0.9601087E+00
  -0.2817815E+00   0.9594786E+00
  -0.2839346E+00   0.9588436E+00
  -0.2860863E+00   0.9582038E+00
  -0.2882366E+00   0.9575592E+00
  -0.2903854E+00   0.9569098E+00
  -0.2925327E+00   0.9562555E+00
  -0.2946786E+00   0.9555964E+00
  -0.2968229E+00   0.9549325E+00
  -0.2989658E+00   0.9542638E+00
  -0.3011072E+00   0.9535903E+00
  -0.3032470E+00   0.9529120E+00
  -0.3053854E+00   0.9522288E+00
  -0.3075222E+00   0.9515409E+00
  -0.3096574E+00   0.9508482E+00
  -0.3117911E+00   0.9501507E+00
  -0.3139232E+00   0.9494484E+00
  -0.3160537E+00   0.9487413E+00
  -0.3181826E+00   0.9480294E+00
  -0.3203100E+00   0.9473128E+00
  -0.3224357E+00   0.9465914E+00
  -0.3245598E+00   0.9458652E+00
  -0.3266822E+00   0.9451342E+00
  -0.3288030E+00   0.9443985E+00
  -0.3309222E+00   0.9436580E+00
  -0.3330397E+00   0.9429128E+00
  -0.3351555E+00   0.9421628E+00
  -0.3372696E+00   0.9414081E+00
  -0.3393820E+00   0.9406486E+00
  -0.3414927E+00   0.9398844E+00
  -0.3436017E+00   0.9391155E+00
  -0.3457090E+00   0.9383418E+00
  -0.3478145E+00   0.9375634E+00
  -0.3499183E+00   0.9367802E+00
  -0.3520202E+00   0.9359924E+00
  -0.3541205E+00   0.9351998E+00
  -0.3562189E+00   0.9344025E+00
  -0.3583156E+00   0.9336005E+00
  -0.3604104E+00   0.9327938E+00
  -0.3625034E+00   0.9319824E+00
  -0.3645946E+00   0.9311663E+00
  -0.3666840E+00   0.9303456E+00
  -0.3687715E+00   0.9295201E+00
  -0.3708571E+00   0.9286899E+00
  -0.3729409E+00   0.9278551E+00
  -0.3750228E+00   0.9270156E+00
  -0.3771028E+00   0.9261714E+00
  -0.3791810E+00   0.9253225E+00
  -0.3812572E+00   0.9244690E+00
  -0.3833314E+00   0.9236109E+00
  -0.3854038E+00   0.9227480E+00
  -0.3874742E+00   0.9218805E+00
  -0.3895427E+00   0.9210084E+00
  -0.3916091E+00   0.9201317E+00
  -0.3936737E+00   0.9192503E+00
  -0.3957362E+00   0.9183642E+00
  -0.3977967E+00   0.9174736E+00
  -0.3998553E+00   0.9165783E+00
  -0.4019118E+00   0.9156784E+00
  -0.4039663E+00   0.9147739E+00
  -0.4060188E+00   0.9138647E+00
  -0.4080692E+00   0.9129510E+00
  -0.4101175E+00   0.9120327E+00
  -0.4121638E+00   0.9111097E+00
  -0.4142080E+00   0.9101822E+00
  -0.4162502E+00   0.9092501E+00
  -0.4182902E+00   0.9083134E+00
  -0.4203281E+00   0.9073722E+00
  -0.4223639E+00   0.9064263E+00
  -0.4243976E+00   0.9054759E+00
  -0.4264292E+00   0.9045210E+00
  -0.4284585E+00   0.9035614E+00
  -0.4304858E+00   0.9025974E+00
  -0.4325108E+00   0.9016287E+00
  -0.4345337E+00   0.9006556E+00
  -0.4365544E+00   0.8996779E+00
  -0.4385729E+00   0.8986956E+00
  -0.4405892E+00   0.8977088E+00
  -0.4426032E+00   0.8967176E+00
  -0.4446151E+00   0.8957217E+00
  -0.4466247E+00   0.8947214E+00
  -0.4486320E+00   0.8937166E+00
  -0.4506371E+00   0.8927072E+00
  -0.4526399E+00   0.8916934E+00
  -0.4546404E+00   0.8906751E+00
  -0.4566387E+00   0.8896523E+00
  -0.4586346E+00   0.8886250E+00
  -0.4606282E+00   0.8875932E+00
  -0.4626195E+00   0.8865569E+00
  -0.4646085E+00   0.8855162E+00
  -0.4665951E+00   0.8844710E+00
  -0.4685794E+00   0.8834214E+00
  -0.4705613E+00   0.8823673E+00
  -0.4725409E+00   0.8813088E+00
  -0.4745180E+00   0.8802458E+00
  -0.4764928E+00   0.8791784E+00
  -0.4784652E+00   0.8781065E+00
  -0.4804352E+00   0.8770303E+00
  -0.4824027E+00   0.8759496E+00
  -0.4843678E+00   0.8748645E+00
  -0.4863305E+00   0.8737750E+00
  -0.4882907E+00   0.8726810E+00
  -0.4902485E+00   0.8715827E+00
  -0.4922037E+00   0.8704800E+00
  -0.4941566E+00   0.8693729E+00
  -0.4961069E+00   0.8682615E+00
  -0.4980547E+00   0.8671456E+00
  -0.5000000E+00   0.8660254E+00
  -0.5019428E+00   0.8649008E+00
  -0.5038830E+00   0.8637719E+00
  -0.5058208E+00   0.8626386E+00
  -0.5077559E+00   0.8615010E+00
  -0.5096886E+00   0.8603590E+00
  -0.5116186E+00   0.8592127E+00
  -0.5135461E+00   0.8580620E+00
  -0.5154709E+00   0.8569071E+00
  -0.5173932E+00   0.8557478E+00
  -0.5193129E+00   0.8545842E+00
  -0.5212300E+00   0.8534163E+00
  -0.5231444E+00   0.8522441E+00
  -0.5250562E+00   0.8510676E+00
  -0.5269653E+00   0.8498868E+00
  -0.5288718E+00   0.8487017E+00
  -0.5307757E+00   0.8475124E+00
  -0.5326768E+00   0.8463187E+00
  -0.5345753E+00   0.8451209E+00
  -0.5364711E+00   0.8439187E+00
  -0.5383641E+00   0.8427123E+00
  -0.5402545E+00   0.8415017E+00
  -0.5421421E+00   0.8402868E+00
  -0.5440270E+00   0.8390677E+00
  -0.5459092E+00   0.8378443E+00
  -0.5477886E+00   0.8366168E+00
  -0.5496653E+00   0.8353850E+00
  -0.5515391E+00   0.8341490E+00
  -0.5534102E+00   0.8329088E+00
  -0.5552786E+00   0.8316644E+00
  -0.5571441E+00   0.8304158E+00
  -0.5590068E+00   0.8291631E+00
  -0.5608667E+00   0.8279061E+00
  -0.5627237E+00   0.8266450E+00
  -0.5645780E+00   0.8253797E+00
  -0.5664294E+00   0.8241103E+00
  -0.5682779E+00   0.8228367E+00
  -0.5701236E+00   0.8215590E+00
  -0.5719664E+00   0.8202771E+00
  -0.5738063E+00   0.8189911E+00
  -0.5756433E+00   0.8177009E+00
  -0.5774774E+00   0.8164067E+00
  -0.5793086E+00   0.8151083E+00
  -0.5811369E+00   0.8138058E+00
  -0.5829623E+00   0.8124992E+00
  -0.5847847E+00   0.8111885E+00
  -0.5866042E+00   0.8098738E+00
  -0.5884207E+00   0.8085549E+00
  -0.5902343E+00   0.8072320E+00
  -0.5920448E+00   0.8059050E+00
  -0.5938524E+00   0.8045740E+00
  -0.5956570E+00   0.8032389E+00
  -0.5974587E+00   0.8018997E+00
  -0.5992572E+00   0.8005565E+00
  -0.6010528E+00   0.7992093E+00
  -0.6028454E+00   0.7978580E+00
  -0.6046349E+00   0.7965028E+00
  -0.6064213E+00   0.7951435E+00
  -0.6082047E+00   0.7937802E+00
  -0.6099851E+00   0.7924129E+00
  -0.6117624E+00   0.7910416E+00
  -0.6135365E+00   0.7896663E+00
  -0.6153076E+00   0.7882871E+00
  -0.6170756E+00   0.7869039E+00
  -0.6188405E+00   0.7855167E+00
  -0.6206023E+00   0.7841255E+00
  -0.6223609E+00   0.7827304E+00
  -0.6241164E+00   0.7813314E+00
  -0.6258688E+00   0.7799284E+00
  -0.6276180E+00   0.7785215E+00
  -0.6293640E+00   0.7771106E+00
  -0.6311069E+00   0.7756959E+00
  -0.6328466E+00   0.7742772E+00
  -0.6345831E+00   0.7728547E+00
  -0.6363164E+00   0.7714282E+00
  -0.6380465E+00   0.7699979E+00
  -0.6397733E+00   0.7685636E+00
  -0.6414970E+00   0.7671256E+00
  -0.6432174E+00   0.7656836E+00
  -0.6449346E+00   0.7642378E+00
  -0.6466485E+00   0.7627881E+00
  -0.6483592E+00   0.7613346E+00
  -0.6500666E+00   0.7598772E+00
  -0.6517707E+00   0.7584161E+00
  -0.6534716E+00   0.7569511E+00
  -0.6551691E+00   0.7554822E+00
  -0.6568634E+00   0.7540096E+00
  -0.6585543E+00   0.7525332E+00
  -0.6602420E+00   0.7510530E+00
  -0.6619262E+00   0.7495690E+00
  -0.6636072E+00   0.7480812E+00
  -0.6652848E+00   0.7465896E+00
  -0.6669591E+00   0.7450943E+00
  -0.6686300E+00   0.7435953E+00
  -0.6702975E+00   0.7420925E+00
  -0.6719617E+00   0.7405859E+00
  -0.6736225E+00   0.7390756E+00
  -0.6752798E+00   0.7375616E+00
  -0.6769338E+00   0.7360439E+00
  -0.6785844E+00   0.7345225E+00
  -0.6802315E+00   0.7329973E+00
  -0.6818752E+00   0.7314685E+00
  -0.6835155E+00   0.7299360E+00
  -0.6851523E+00   0.7283998E+00
  -0.6867857E+00   0.7268599E+00
  -0.6884156E+00   0.7253164E+00
  -0.6900421E+00   0.7237692E+00
  -0.6916651E+00   0.7222184E+00
  -0.6932846E+00   0.7206640E+00
  -0.6949005E+00   0.7191059E+00
  -0.6965130E+00   0.7175441E+00
  -0.6981220E+00   0.7159788E+00
  -0.6997275E+00   0.7144099E+00
  -0.7013294E+00   0.7128373E+00
  -0.7029278E+00   0.7112612E+00
  -0.7045227E+00   0.7096815E+00
  -0.7061140E+00   0.7080982E+00
  -0.7077018E+00   0.7065113E+00
  -0.7092860E+00   0.7049209E+00
  -0.7108666E+00   0.7033269E+00
  -0.7124436E+00   0.7017294E+00
  -0.7140171E+00   0.7001283E+00
  -0.7155869E+00   0.6985237E+00
  -0.7171531E+00   0.6969156E+00
  -0.7187158E+00   0.6953040E+00
  -0.7202748E+00   0.6936889E+00
  -0.7218301E+00   0.6920703E+00
  -0.7233819E+00   0.6904482E+00
  -0.7249300E+00   0.6888226E+00
  -0.7264744E+00   0.6871935E+00
  -0.7280152E+00   0.6855610E+00
  -0.7295523E+00   0.6839250E+00
  -0.7310857E+00   0.6822856E+00
  -0.7326155E+00   0.6806428E+00
  -0.7341415E+00   0.6789965E+00
  -0.7356639E+00   0.6773468E+00
  -0.7371825E+00   0.6756936E+00
  -0.7386975E+00   0.6740371E+00
  -0.7402087E+00   0.6723772E+00
  -0.7417162E+00   0.6707139E+00
  -0.7432199E+00   0.6690472E+00
  -0.7447199E+00   0.6673771E+00
  -0.7462162E+00   0.6657037E+00
  -0.7477087E+00   0.6640269E+00
  -0.7491974E+00   0.6623468E+00
  -0.7506823E+00   0.6606633E+00
  -0.7521635E+00   0.6589765E+00
  -0.7536409E+00   0.6572864E+00
  -0.7551144E+00   0.6555930E+00
  -0.7565842E+00   0.6538963E+00
  -0.7580502E+00   0.6521963E+00
  -0.7595123E+00   0.6504929E+00
  -0.7609706E+00   0.6487864E+00
  -0.7624251E+00   0.6470765E+00
  -0.7638757E+00   0.6453634E+00
  -0.7653225E+00   0.6436470E+00
  -0.7667654E+00   0.6419274E+00
  -0.7682045E+00   0.6402045E+00
  -0.7696397E+00   0.6384785E+00
  -0.7710710E+00   0.6367492E+00
  -0.7724984E+00   0.6350167E+00
  -0.7739220E+00   0.6332810E+00
  -0.7753416E+00   0.6315421E+00
  -0.7767573E+00   0.6298000E+00
  -0.7781691E+00   0.6280548E+00
  -0.7795770E+00   0.6263064E+00
  -0.7809810E+00   0.6245548E+00
  -0.7823810E+00   0.6228001E+00
  -0.7837771E+00   0.6210422E+00
  -0.7851692E+00   0.6192812E+00
  -0.7865574E+00   0.6175171E+00
  -0.7879416E+00   0.6157499E+00
  -0.7893219E+00   0.6139796E+00
  -0.7906982E+00   0.6122062E+00
  -0.7920704E+00   0.6104297E+00
  -0.7934387E+00   0.6086501E+00
  -0.7948030E+00   0.6068675E+00
  -0.7961633E+00   0.6050818E+00
  -0.7975196E+00   0.6032930E+00
  -0.7988719E+00   0.6015012E+00
  -0.8002201E+00   0.5997064E+00
  -0.8015643E+00   0.5979086E+00
  -0.8029045E+00   0.5961077E+00
  -0.8042406E+00   0.5943039E+00
  -0.8055726E+00   0.5924970E+00
  -0.8069006E+00   0.5906872E+00
  -0.8082246E+00   0.5888744E+00
  -0.8095445E+00   0.5870586E+00
  -0.8108602E+00   0.5852398E+00
  -0.8121719E+00   0.5834182E+00
  -0.8134795E+00   0.5815935E+00
  -0.8147831E+00   0.5797660E+00
  -0.8160825E+00   0.5779355E+00
  -0.8173777E+00   0.5761021E+00
  -0.8186689E+00   0.5742658E+00
  -0.8199560E+00   0.5724266E+00
  -0.8212389E+00   0.5705845E+00
  -0.8225177E+00   0.5687396E+00
  -0.8237923E+00   0.5668918E+00
  -0.8250628E+00   0.5650411E+00
  -0.8263291E+00   0.5631876E+00
  -0.8275912E+00   0.5613312E+00
  -0.8288492E+00   0.5594720E+00
  -0.8301030E+00   0.5576100E+00
  -0.8313527E+00   0.5557452E+00
  -0.8325981E+00   0.5538776E+00
  -0.8338394E+00   0.5520072E+00
  -0.8350764E+00   0.5501340E+00
  -0.8363092E+00   0.5482580E+00
  -0.8375379E+00   0.5463793E+00
  -0.8387623E+00   0.5444978E+00
  -0.8399824E+00   0.5426136E+00
  -0.8411984E+00   0.5407267E+00
  -0.8424101E+00   0.5388370E+00
  -0.8436175E+00   0.5369446E+00
  -0.8448207E+00   0.5350495E+00
  -0.8460197E+00   0.5331517E+00
  -0.8472144E+00   0.5312512E+00
  -0.8484048E+00   0.5293480E+00
  -0.8495909E+00   0.5274422E+00
  -0.8507728E+00   0.5255337E+00
  -0.8519503E+00   0.5236226E+00
  -0.8531236E+00   0.5217088E+00
  -0.8542926E+00   0.5197924E+00
  -0.8554573E+00   0.5178734E+00
  -0.8566176E+00   0.5159518E+00
  -0.8577737E+00   0.5140275E+00
  -0.8589254E+00   0.5121007E+00
  -0.8600728E+00   0.5101713E+00
  -0.8612159E+00   0.5082393E+00
  -0.8623546E+00   0.5063048E+00
  -0.8634890E+00   0.5043677E+00
  -0.8646190E+00   0.5024281E+00
  -0.8657447E+00   0.5004859E+00
  -0.8668660E+00   0.4985413E+00
  -0.8679829E+00   0.4965941E+00
  -0.8690955E+00   0.4946444E+00
  -0.8702037E+00   0.4926922E+00
  -0.8713075E+00   0.4907375E+00
  -0.8724069E+00   0.4887804E+00
  -0.8735019E+00   0.4868208E+00
  -0.8745925E+00   0.4848587E+00
  -0.8756787E+00   0.4828942E+00
  -0.8767605E+00   0.4809273E+00
  -0.8778379E+00   0.4789579E+00
  -0.8789108E+00   0.4769861E+00
  -0.8799793E+00   0.4750120E+00
  -0.8810434E+00   0.4730354E+00
  -0.8821031E+00   0.4710564E+00
  -0.8831583E+00   0.4690751E+00
  -0.8842090E+00   0.4670914E+00
  -0.8852553E+00   0.4651054E+00
  -0.8862972E+00   0.4631170E+00
  -0.8873345E+00   0.4611263E+00
  -0.8883674E+00   0.4591332E+00
  -0.8893959E+00   0.4571379E+00
  -0.8904198E+00   0.4551402E+00
  -0.8914392E+00   0.4531402E+00
  -0.8924542E+00   0.4511380E+00
  -0.8934647E+00   0.4491335E+00
  -0.8944706E+00   0.4471267E+00
  -0.8954721E+00   0.4451177E+00
  -0.8964690E+00   0.4431064E+00
  -0.8974614E+00   0.4410929E+00
  -0.8984494E+00   0.4390772E+00
  -0.8994327E+00   0.4370592E+00
  -0.9004116E+00   0.4350391E+00
  -0.9013859E+00   0.4330168E+00
  -0.9023556E+00   0.4309922E+00
  -0.9033208E+00   0.4289656E+00
  -0.9042815E+00   0.4269367E+00
  -0.9052376E+00   0.4249057E+00
  -0.9061892E+00   0.4228726E+00
  -0.9071361E+00   0.4208373E+00
  -0.9080786E+00   0.4187999E+00
  -0.9090164E+00   0.4167604E+00
  -0.9099496E+00   0.4147188E+00
  -0.9108783E+00   0.4126751E+00
  -0.9118024E+00   0.4106293E+00
  -0.9127219E+00   0.4085815E+00
  -0.9136367E+00   0.4065316E+00
  -0.9145470E+00   0.4044796E+00
  -0.9154527E+00   0.4024256E+00
  -0.9163537E+00   0.4003696E+00
  -0.9172502E+00   0.3983116E+00
  -0.9181420E+00   0.3962515E+00
  -0.9190292E+00   0.3941895E+00
  -0.9199117E+00   0.3921255E+00
  -0.9207897E+00   0.3900595E+00
  -0.9216630E+00   0.3879915E+00
  -0.9225316E+00   0.3859216E+00
  -0.9233956E+00   0.3838497E+00
  -0.9242549E+00   0.3817759E+00
  -0.9251096E+00   0.3797002E+00
  -0.9259596E+00   0.3776225E+00
  -0.9268050E+00   0.3755430E+00
  -0.9276457E+00   0.3734616E+00
  -0.9284817E+00   0.3713783E+00
  -0.9293130E+00   0.3692931E+00
  -0.9301396E+00   0.3672060E+00
  -0.9309616E+00   0.3651171E+00
  -0.9317789E+00   0.3630264E+00
  -0.9325914E+00   0.3609338E+00
  -0.9333993E+00   0.3588394E+00
  -0.9342025E+00   0.3567432E+00
  -0.9350009E+00   0.3546453E+00
  -0.9357947E+00   0.3525455E+00
  -0.9365837E+00   0.3504439E+00
  -0.9373680E+00   0.3483406E+00
  -0.9381476E+00   0.3462355E+00
  -0.9389225E+00   0.3441287E+00
  -0.9396926E+00   0.3420201E+00
  -0.9404580E+00   0.3399099E+00
  -0.9412187E+00   0.3377979E+00
  -0.9419746E+00   0.3356842E+00
  -0.9427258E+00   0.3335688E+00
  -0.9434722E+00   0.3314517E+00
  -0.9442138E+00   0.3293330E+00
  -0.9449507E+00   0.3272126E+00
  -0.9456829E+00   0.3250906E+00
  -0.9464103E+00   0.3229669E+00
  -0.9471329E+00   0.3208416E+00
  -0.9478507E+00   0.3187146E+00
  -0.9485638E+00   0.3165861E+00
  -0.9492721E+00   0.3144560E+00
  -0.9499756E+00   0.3123243E+00
  -0.9506743E+00   0.3101910E+00
  -0.9513682E+00   0.3080561E+00
  -0.9520573E+00   0.3059197E+00
  -0.9527416E+00   0.3037818E+00
  -0.9534212E+00   0.3016423E+00
  -0.9540959E+00   0.2995013E+00
  -0.9547658E+00   0.2973588E+00
  -0.9554309E+00   0.2952148E+00
  -0.9560912E+00   0.2930693E+00
  -0.9567467E+00   0.2909223E+00
  -0.9573973E+00   0.2887739E+00
  -0.9580431E+00   0.2866240E+00
  -0.9586841E+00   0.2844727E+00
  -0.9593203E+00   0.2823199E+00
  -0.9599516E+00   0.2801657E+00
  -0.9605781E+00   0.2780101E+00
  -0.9611998E+00   0.2758531E+00
  -0.9618166E+00   0.2736947E+00
  -0.9624286E+00   0.2715350E+00
  -0.9630357E+00   0.2693738E+00
  -0.9636380E+00   0.2672113E+00
  -0.9642354E+00   0.2650475E+00
  -0.9648279E+00   0.2628823E+00
  -0.9654156E+00   0.2607158E+00
  -0.9659984E+00   0.2585480E+00
  -0.9665764E+00   0.2563789E+00
  -0.9671494E+00   0.2542085E+00
  -0.9677177E+00   0.2520368E+00
  -0.9682810E+00   0.2498638E+00
  -0.9688394E+00   0.2476896E+00
  -0.9693930E+00   0.2455141E+00
  -0.9699417E+00   0.2433374E+00
  -0.9704855E+00   0.2411595E+00
  -0.9710244E+00   0.2389803E+00
  -0.9715584E+00   0.2368000E+00
  -0.9720875E+00   0.2346184E+00
  -0.9726118E+00   0.2324357E+00
  -0.9731311E+00   0.2302518E+00
  -0.9736455E+00   0.2280667E+00
  -0.9741550E+00   0.2258805E+00
  -0.9746596E+00   0.2236932E+00
  -0.9751593E+00   0.2215047E+00
  -0.9756541E+00   0.2193151E+00
  -0.9761439E+00   0.2171244E+00
  -0.9766289E+00   0.2149326E+00
  -0.9771089E+00   0.2127398E+00
  -0.9775840E+00   0.2105458E+00
  -0.9780542E+00   0.2083508E+00
  -0.9785194E+00   0.2061548E+00
  -0.9789797E+00   0.2039577E+00
  -0.9794351E+00   0.2017595E+00
  -0.9798855E+00   0.1995604E+00
  -0.9803310E+00   0.1973603E+00
  -0.9807716E+00   0.1951591E+00
  -0.9812072E+00   0.1929570E+00
  -0.9816379E+00   0.1907539E+00
  -0.9820636E+00   0.1885499E+00
  -0.9824844E+00   0.1863448E+00
  -0.9829002E+00   0.1841389E+00
  -0.9833111E+00   0.1819320E+00
  -0.9837170E+00   0.1797242E+00
  -0.9841180E+00   0.1775155E+00
  -0.9845140E+00   0.1753060E+00
  -0.9849050E+00   0.1730955E+00
  -0.9852911E+00   0.1708841E+00
  -0.9856722E+00   0.1686719E+00
  -0.9860484E+00   0.1664589E+00
  -0.9864196E+00   0.1642450E+00
  -0.9867858E+00   0.1620302E+00
  -0.9871470E+00   0.1598147E+00
  -0.9875033E+00   0.1575984E+00
  -0.9878546E+00   0.1553812E+00
  -0.9882009E+00   0.1531633E+00
  -0.9885422E+00   0.1509446E+00
  -0.9888786E+00   0.1487252E+00
  -0.9892099E+00   0.1465050E+00
  -0.9895363E+00   0.1442840E+00
  -0.9898577E+00   0.1420623E+00
  -0.9901741E+00   0.1398400E+00
  -0.9904855E+00   0.1376169E+00
  -0.9907920E+00   0.1353931E+00
  -0.9910934E+00   0.1331686E+00
  -0.9913898E+00   0.1309435E+00
  -0.9916813E+00   0.1287177E+00
  -0.9919677E+00   0.1264912E+00
  -0.9922492E+00   0.1242642E+00
  -0.9925256E+00   0.1220364E+00
  -0.9927971E+00   0.1198081E+00
  -0.9930635E+00   0.1175792E+00
  -0.9933249E+00   0.1153497E+00
  -0.9935814E+00   0.1131196E+00
  -0.9938328E+00   0.1108889E+00
  -0.9940792E+00   0.1086577E+00
  -0.9943206E+00   0.1064259E+00
  -0.9945570E+00   0.1041936E+00
  -0.9947884E+00   0.1019607E+00
  -0.9950148E+00   0.9972739E-01
  -0.9952362E+00   0.9749354E-01
  -0.9954525E+00   0.9525919E-01
  -0.9956638E+00   0.9302436E-01
  -0.9958701E+00   0.9078907E-01
  -0.9960714E+00   0.8855332E-01
  -0.9962677E+00   0.8631712E-01
  -0.9964590E+00   0.8408048E-01
  -0.9966452E+00   0.8184343E-01
  -0.9968264E+00   0.7960596E-01
  -0.9970026E+00   0.7736808E-01
  -0.9971738E+00   0.7512982E-01
  -0.9973399E+00   0.7289118E-01
  -0.9975010E+00   0.7065218E-01
  -0.9976571E+00   0.6841281E-01
  -0.9978082E+00   0.6617311E-01
  -0.9979542E+00   0.6393307E-01
  -0.9980952E+00   0.6169270E-01
  -0.9982312E+00   0.5945203E-01
  -0.9983621E+00   0.5721105E-01
  -0.9984880E+00   0.5496979E-01
  -0.9986089E+00   0.5272825E-01
  -0.9987247E+00   0.5048645E-01
  -0.9988356E+00   0.4824439E-01
  -0.9989413E+00   0.4600209E-01
  -0.9990421E+00   0.4375955E-01
  -0.9991378E+00   0.4151680E-01
  -0.9992285E+00   0.3927383E-01
  -0.9993141E+00   0.3703067E-01
  -0.9993947E+00   0.3478733E-01
  -0.9994703E+00   0.3254380E-01
  -0.9995408E+00   0.3030011E-01
  -0.9996063E+00   0.2805627E-01
  -0.9996668E+00   0.2581229E-01
  -0.9997222E+00   0.2356818E-01
  -0.9997726E+00   0.2132395E-01
  -0.9998180E+00   0.1907961E-01
  -0.9998583E+00   0.1683518E-01
  -0.9998936E+00   0.1459066E-01
  -0.9999238E+00   0.1234607E-01
  -0.9999490E+00   0.1010141E-01
  -0.9999691E+00   0.7856707E-02
  -0.9999843E+00   0.5611962E-02
  -0.9999943E+00   0.3367188E-02
  -0.9999994E+00   0.1122398E-02
  -0.9999994E+00  -0.1122398E-02
  -0.9999943E+00  -0.3367188E-02
  -0.9999843E+00  -0.5611962E-02
  -0.9999691E+00  -0.7856707E-02
  -0.9999490E+00  -0.1010141E-01
  -0.9999238E+00  -0.1234607E-01
  -0.9998936E+00  -0.1459066E-01
  -0.9998583E+00  -0.1683518E-01
  -0.9998180E+00  -0.1907961E-01
  -0.9997726E+00  -0.2132395E-01
  -0.9997222E+00  -0.2356818E-01
  -0.9996668E+00  -0.2581229E-01
  -0.9996063E+00  -0.2805627E-01
  -0.9995408E+00  -0.3030011E-01
  -0.9994703E+00  -0.3254380E-01
  -0.9993947E+00  -0.3478733E-01
  -0.9993141E+00  -0.3703067E-01
  -0.9992285E+00  -0.3927383E-01
  -0.9991378E+00  -0.4151680E-01
  -0.9990421E+00  -0.4375955E-01
  -0.9989413E+00  -0.4600209E-01
  -0.9988356E+00  -0.4824439E-01
  -0.9987247E+00  -0.5048645E-01
  -0.9986089E+00  -0.5272825E-01
  -0.9984880E+00  -0.5496979E-01
  -0.9983621E+00  -0.5721105E-01
  -0.9982312E+00  -0.5945203E-01
  -0.9980952E+00  -0.6169270E-01
  -0.9979542E+00  -0.6393307E-01
  -0.9978082E+00  -0.6617311E-01
  -0.9976571E+00  -0.6841281E-01
  -0.9975010E+00  -0.7065218E-01
  -0.9973399E+00  -0.7289118E-01
  -0.9971738E+00  -0.7512982E-01
  -0.9970026E+00  -0.7736808E-01
  -0.9968264E+00  -0.7960596E-01
  -0.9966452E+00  -0.8184343E-01
  -0.9964590E+00  -0.8408048E-01
  -0.9962677E+00  -0.8631712E-01
  -0.9960714E+00  -0.8855332E-01
  -0.9958701E+00  -0.9078907E-01
  -0.9956638E+00  -0.9302436E-01
  -0.9954525E+00  -0.9525919E-01
  -0.9952362E+00  -0.9749354E-01
  -0.9950148E+00  -0.9972739E-01
  -0.9947884E+00  -0.1019607E+00
  -0.9945570E+00  -0.1041936E+00
  -0.9943206E+00  -0.1064259E+00
  -0.9940792E+00  -0.1086577E+00
  -0.9938328E+00  -0.1108889E+00
  -0.9935814E+00  -0.1131196E+00
  -0.9933249E+00  -0.1153497E+00
  -0.9930635E+00  -0.1175792E+00
  -0.9927971E+00  -0.1198081E+00
  -0.9925256E+00  -0.1220364E+00
  -0.9922492E+00  -0.1242642E+00
  -0.9919677E+00  -0.1264912E+00
  -0.9916813E+00  -0.1287177E+00
  -0.9913898E+00  -0.1309435E+00
  -0.9910934E+00  -0.1331686E+00
  -0.9907920E+00  -0.1353931E+00
  -0.9904855E+00  -0.1376169E+00
  -0.9901741E+00  -0.1398400E+00
  -0.9898577E+00  -0.1420623E+00
  -0.9895363E+00  -0.1442840E+00
  -0.9892099E+00  -0.1465050E+00
  -0.9888786E+00  -0.1487252E+00
  -0.9885422E+00  -0.1509446E+00
  -0.9882009E+00  -0.1531633E+00
  -0.9878546E+00  -0.1553812E+00
  -0.9875033E+00  -0.1575984E+00
  -0.9871470E+00  -0.1598147E+00
  -0.9867858E+00  -0.1620302E+00
  -0.9864196E+00  -0.1642450E+00
  -0.9860484E+00  -0.1664589E+00
  -0.9856722E+00  -0.1686719E+00
  -0.9852911E+00  -0.1708841E+00
  -0.9849050E+00  -0.1730955E+00
  -0.9845140E+00  -0.1753060E+00
  -0.9841180E+00  -0.1775155E+00
  -0.9837170E+00  -0.1797242E+00
  -0.9833111E+00  -0.1819320E+00
  -0.9829002E+00  -0.1841389E+00
  -0.9824844E+00  -0.1863448E+00
  -0.9820636E+00  -0.1885499E+00
  -0.9816379E+00  -0.1907539E+00
  -0.9812072E+00  -0.1929570E+00
  -0.9807716E+00  -0.1951591E+00
  -0.9803310E+00  -0.1973603E+00
  -0.9798855E+00  -0.1995604E+00
  -0.9794351E+00  -0.2017595E+00
  -0.9789797E+00  -0.2039577E+00
  -0.9785194E+00  -0.2061548E+00
  -0.9780542E+00  -0.2083508E+00
  -0.9775840E+00  -0.2105458E+00
  -0.9771089E+00  -0.2127398E+00
  -0.9766289E+00  -0.2149326E+00
  -0.9761439E+00  -0.2171244E+00
  -0.9756541E+00  -0.2193151E+00
  -0.9751593E+00  -0.2215047E+00
  -0.9746596E+00  -0.2236932E+00
  -0.9741550E+00  -0.2258805E+00
  -0.9736455E+00  -0.2280667E+00
  -0.9731311E+00  -0.2302518E+00
  -0.9726118E+00  -0.2324357E+00
  -0.9720875E+00  -0.2346184E+00
  -0.9715584E+00  -0.2368000E+00
  -0.9710244E+00  -0.2389803E+00
  -0.9704855E+00  -0.2411595E+00
  -0.9699417E+00  -0.2433374E+00
  -0.9693930E+00  -0.2455141E+00
  -0.9688394E+00  -0.2476896E+00
  -0.9682810E+00  -0.2498638E+00
  -0.9677177E+00  -0.2520368E+00
  -0.9671494E+00  -0.2542085E+00
  -0.9665764E+00  -0.2563789E+00
  -0.9659984E+00  -0.2585480E+00
  -0.9654156E+00  -0.2607158E+00
  -0.9648279E+00  -0.2628823E+00
  -0.9642354E+00  -0.2650475E+00
  -0.9636380E+00  -0.2672113E+00
  -0.9630357E+00  -0.2693738E+00
  -0.9624286E+00  -0.2715350E+00
  -0.9618166E+00  -0.2736947E+00
  -0.9611998E+00  -0.2758531E+00
  -0.9605781E+00  -0.2780101E+00
  -0.9599516E+00  -0.2801657E+00
  -0.9593203E+00  -0.2823199E+00
  -0.9586841E+00  -0.2844727E+00
  -0.9580431E+00  -0.2866240E+00
  -0.9573973E+00  -0.2887739E+00
  -0.9567467E+00  -0.2909223E+00
  -0.9560912E+00  -0.2930693E+00
  -0.9554309E+00  -0.2952148E+00
  -0.9547658E+00  -0.2973588E+00
  -0.9540959E+00  -0.2995013E+00
  -0.9534212E+00  -0.3016423E+00
  -0.9527416E+00  -0.3037818E+00
  -0.9520573E+00  -0.3059197E+00
  -0.9513682E+00  -0.3080561E+00
  -0.9506743E+00  -0.3101910E+00
  -0.9499756E+00  -0.3123243E+00
  -0.9492721E+00  -0.3144560E+00
  -0.9485638E+00  -0.3165861E+00
  -0.9478507E+00  -0.3187146E+00
  -0.9471329E+00  -0.3208416E+00
  -0.9464103E+00  -0.3229669E+00
  -0.9456829E+00  -0.3250906E+00
  -0.9449507E+00  -0.3272126E+00
  -0.9442138E+00  -0.3293330E+00
  -0.9434722E+00  -0.3314517E+00
  -0.9427258E+00  -0.3335688E+00
  -0.9419746E+00  -0.3356842E+00
  -0.9412187E+00  -0.3377979E+00
  -0.9404580E+00  -0.3399099E+00
  -0.9396926E+00  -0.3420201E+00
  -0.9389225E+00  -0.3441287E+00
  -0.9381476E+00  -0.3462355E+00
  -0.9373680E+00  -0.3483406E+00
  -0.9365837E+00  -0.3504439E+00
  -0.9357947E+00  -0.3525455E+00
  -0.9350009E+00  -0.3546453E+00
  -0.9342025E+00  -0.3567432E+00
  -0.9333993E+00  -0.3588394E+00
  -0.9325914E+00  -0.3609338E+00
  -0.9317789E+00  -0.3630264E+00
  -0.9309616E+00  -0.3651171E+00
  -0.9301396E+00  -0.3672060E+00
  -0.9293130E+00  -0.3692931E+00
  -0.9284817E+00  -0.3713783E+00
  -0.9276457E+00  -0.3734616E+00
  -0.9268050E+00  -0.3755430E+00
  -0.9259596E+00  -0.3776225E+00
  -0.9251096E+00  -0.3797002E+00
  -0.9242549E+00  -0.3817759E+00
  -0.9233956E+00  -0.3838497E+00
  -0.9225316E+00  -0.3859216E+00
  -0.9216630E+00  -0.3879915E+00
  -0.9207897E+00  -0.3900595E+00
  -0.9199117E+00  -0.3921255E+00
  -0.9190292E+00  -0.3941895E+00
  -0.9181420E+00  -0.3962515E+00
  -0.9172502E+00  -0.3983116E+00
  -0.9163537E+00  -0.4003696E+00
  -0.9154527E+00  -0.4024256E+00
  -0.9145470E+00  -0.4044796E+00
  -0.9136367E+00  -0.4065316E+00
  -0.9127219E+00  -0.4085815E+00
  -0.9118024E+00  -0.4106293E+00
  -0.9108783E+00  -0.4126751E+00
  -0.9099496E+00  -0.4147188E+00
  -0.9090164E+00  -0.4167604E+00
  -0.9080786E+00  -0.4187999E+00
  -0.9071361E+00  -0.4208373E+00
  -0.9061892E+00  -0.4228726E+00
  -0.9052376E+00  -0.4249057E+00
  -0.9042815E+00  -0.4269367E+00
  -0.9033208E+00  -0.4289656E+00
  -0.9023556E+00  -0.4309922E+00
  -0.9013859E+00  -0.4330168E+00
  -0.9004116E+00  -0.4350391E+00
  -0.8994327E+00  -0.4370592E+00
  -0.8984494E+00  -0.4390772E+00
  -0.8974614E+00  -0.4410929E+00
  -0.8964690E+00  -0.4431064E+00
  -0.8954721E+00  -0.4451177E+00
  -0.8944706E+00  -0.4471267E+00
  -0.8934647E+00  -0.4491335E+00
  -0.8924542E+00  -0.4511380E+00
  -0.8914392E+00  -0.4531402E+00
  -0.8904198E+00  -0.4551402E+00
  -0.8893959E+00  -0.4571379E+00
  -0.8883674E+00  -0.4591332E+00
  -0.8873345E+00  -0.4611263E+00
  -0.8862972E+00  -0.4631170E+00
  -0.8852553E+00  -0.4651054E+00
  -0.8842090E+00  -0.4670914E+00
  -0.8831583E+00  -0.4690751E+00
  -0.8821031E+00  -0.4710564E+00
  -0.8810434E+00  -0.4730354E+00
  -0.8799793E+00  -0.4750120E+00
  -0.8789108E+00  -0.4769861E+00
  -0.8778379E+00  -0.4789579E+00
  -0.8767605E+00  -0.4809273E+00
  -0.8756787E+00  -0.4828942E+00
  -0.8745925E+00  -0.4848587E+00
  -0.8735019E+00  -0.4868208E+00
  -0.8724069E+00  -0.4887804E+00
  -0.8713075E+00  -0.4907375E+00
  -0.8702037E+00  -0.4926922E+00
  -0.8690955E+00  -0.4946444E+00
  -0.8679829E+00  -0.4965941E+00
  -0.8668660E+00  -0.4985413E+00
  -0.8657447E+00  -0.5004859E+00
  -0.8646190E+00  -0.5024281E+00
  -0.8634890E+00  -0.5043677E+00
  -0.8623546E+00  -0.5063048E+00
  -0.8612159E+00  -0.5082393E+00
  -0.8600728E+00  -0.5101713E+00
  -0.8589254E+00  -0.5121007E+00
  -0.8577737E+00  -0.5140275E+00
  -0.8566176E+00  -0.5159518E+00
  -0.8554573E+00  -0.5178734E+00
  -0.8542926E+00  -0.5197924E+00
  -0.8531236E+00  -0.5217088E+00
  -0.8519503E+00  -0.5236226E+00
  -0.8507728E+00  -0.5255337E+00
  -0.8495909E+00  -0.5274422E+00
  -0.8484048E+00  -0.5293480E+00
  -0.8472144E+00  -0.5312512E+00
  -0.8460197E+00  -0.5331517E+00
  -0.8448207E+00  -0.5350495E+00
  -0.8436175E+00  -0.5369446E+00
  -0.8424101E+00  -0.5388370E+00
  -0.8411984E+00  -0.5407267E+00
  -0.8399824E+00  -0.5426136E+00
  -0.8387623E+00  -0.5444978E+00
  -0.8375379E+00  -0.5463793E+00
  -0.8363092E+00  -0.5482580E+00
  -0.8350764E+00  -0.5501340E+00
  -0.8338394E+00  -0.5520072E+00
  -0.8325981E+00  -0.5538776E+00
  -0.8313527E+00  -0.5557452E+00
  -0.8301030E+00  -0.5576100E+00
  -0.8288492E+00  -0.5594720E+00
  -0.8275912E+00  -0.5613312E+00
  -0.8263291E+00  -0.5631876E+00
  -0.8250628E+00  -0.5650411E+00
  -0.8237923E+00  -0.5668918E+00
  -0.8225177E+00  -0.5687396E+00
  -0.8212389E+00  -0.5705845E+00
  -0.8199560E+00  -0.5724266E+00
  -0.8186689E+00  -0.5742658E+00
  -0.8173777E+00  -0.5761021E+00
  -0.8160825E+00  -0.5779355E+00
  -0.8147831E+00  -0.5797660E+00
  -0.8134795E+00  -0.5815935E+00
  -0.8121719E+00  -0.5834182E+00
  -0.8108602E+00  -0.5852398E+00
  -0.8095445E+00  -0.5870586E+00
  -0.8082246E+00  -0.5888744E+00
  -0.8069006E+00  -0.5906872E+00
  -0.8055726E+00  -0.5924970E+00
  -0.8042406E+00  -0.5943039E+00
  -0.8029045E+00  -0.5961077E+00
  -0.8015643E+00  -0.5979086E+00
  -0.8002201E+00  -0.5997064E+00
  -0.7988719E+00  -0.6015012E+00
  -0.7975196E+00  -0.6032930E+00
  -0.7961633E+00  -0.6050818E+00
  -0.7948030E+00  -0.6068675E+00
  -0.7934387E+00  -0.6086501E+00
  -0.7920704E+00  -0.6104297E+00
  -0.7906982E+00  -0.6122062E+00
  -0.7893219E+00  -0.6139796E+00
  -0.7879416E+00  -0.6157499E+00
  -0.7865574E+00  -0.6175171E+00
  -0.7851692E+00  -0.6192812E+00
  -0.7837771E+00  -0.6210422E+00
  -0.7823810E+00  -0.6228001E+00
  -0.7809810E+00  -0.6245548E+00
  -0.7795770E+00  -0.6263064E+00
  -0.7781691E+00  -0.6280548E+00
  -0.7767573E+00  -0.6298000E+00
  -0.7753416E+00  -0.6315421E+00
  -0.7739220E+00  -0.6332810E+00
  -0.7724984E+00  -0.6350167E+00
  -0.7710710E+00  -0.6367492E+00
  -0.7696397E+00  -0.6384785E+00
  -0.7682045E+00  -0.6402045E+00
  -0.7667654E+00  -0.6419274E+00
  -0.7653225E+00  -0.6436470E+00
  -0.7638757E+00  -0.6453634E+00
  -0.7624251E+00  -0.6470765E+00
  -0.7609706E+00  -0.6487864E+00
  -0.7595123E+00  -0.6504929E+00
  -0.7580502E+00  -0.6521963E+00
  -0.7565842E+00  -0.6538963E+00
  -0.7551144E+00  -0.6555930E+00
  -0.7536409E+00  -0.6572864E+00
  -0.7521635E+00  -0.6589765E+00
  -0.7506823E+00  -0.6606633E+00
  -0.7491974E+00  -0.6623468E+00
  -0.7477087E+00  -0.6640269E+00
  -0.7462162E+00  -0.6657037E+00
  -0.7447199E+00  -0.6673771E+00
  -0.7432199E+00  -0.6690472E+00
  -0.7417162E+00  -0.6707139E+00
  -0.7402087E+00  -0.6723772E+00
  -0.7386975E+00  -0.6740371E+00
  -0.7371825E+00  -0.6756936E+00
  -0.7356639E+00  -0.6773468E+00
  -0.7341415E+00  -0.6789965E+00
  -0.7326155E+00  -0.6806428E+00
  -0.7310857E+00  -0.6822856E+00
  -0.7295523E+00  -0.6839250E+00
  -0.7280152E+00  -0.6855610E+00
  -0.7264744E+00  -0.6871935E+00
  -0.7249300E+00  -0.6888226E+00
  -0.7233819E+00  -0.6904482E+00
  -0.7218301E+00  -0.6920703E+00
  -0.7202748E+00  -0.6936889E+00
  -0.7187158E+00  -0.6953040E+00
  -0.7171531E+00  -0.6969156E+00
  -0.7155869E+00  -0.6985237E+00
  -0.7140171E+00  -0.7001283E+00
  -0.7124436E+00  -0.7017294E+00
  -0.7108666E+00  -0.7033269E+00
  -0.7092860E+00  -0.7049209E+00
  -0.7077018E+00  -0.7065113E+00
  -0.7061140E+00  -0.7080982E+00
  -0.7045227E+00  -0.7096815E+00
  -0.7029278E+00  -0.7112612E+00
  -0.7013294E+00  -0.7128373E+00
  -0.6997275E+00  -0.7144099E+00
  -0.6981220E+00  -0.7159788E+00
  -0.6965130E+00  -0.7175441E+00
  -0.6949005E+00  -0.7191059E+00
  -0.6932846E+00  -0.7206640E+00
  -0.6916651E+00  -0.7222184E+00
  -0.6900421E+00  -0.7237692E+00
  -0.6884156E+00  -0.7253164E+00
  -0.6867857E+00  -0.7268599E+00
  -0.6851523E+00  -0.7283998E+00
  -0.6835155E+00  -0.7299360E+00
  -0.6818752E+00  -0.7314685E+00
  -0.6802315E+00  -0.7329973E+00
  -0.6785844E+00  -0.7345225E+00
  -0.6769338E+00  -0.7360439E+00
  -0.6752798E+00  -0.7375616E+00
  -0.6736225E+00  -0.7390756E+00
  -0.6719617E+00  -0.7405859E+00
  -0.6702975E+00  -0.7420925E+00
  -0.6686300E+00  -0.7435953E+00
  -0.6669591E+00  -0.7450943E+00
  -0.6652848E+00  -0.7465896E+00
  -0.6636072E+00  -0.7480812E+00
  -0.6619262E+00  -0.7495690E+00
  -0.6602420E+00  -0.7510530E+00
  -0.6585543E+00  -0.7525332E+00
  -0.6568634E+00  -0.7540096E+00
  -0.6551691E+00  -0.7554822E+00
  -0.6534716E+00  -0.7569511E+00
  -0.6517707E+00  -0.7584161E+00
  -0.6500666E+00  -0.7598772E+00
  -0.6483592E+00  -0.7613346E+00
  -0.6466485E+00  -0.7627881E+00
  -0.6449346E+00  -0.7642378E+00
  -0.6432174E+00  -0.7656836E+00
  -0.6414970E+00  -0.7671256E+00
  -0.6397733E+00  -0.7685636E+00
  -0.6380465E+00  -0.7699979E+00
  -0.6363164E+00  -0.7714282E+00
  -0.6345831E+00  -0.7728547E+00
  -0.6328466E+00  -0.7742772E+00
  -0.6311069E+00  -0.7756959E+00
  -0.6293640E+00  -0.7771106E+00
  -0.6276180E+00  -0.7785215E+00
  -0.6258688E+00  -0.7799284E+00
  -0.6241164E+00  -0.7813314E+00
  -0.6223609E+00  -0.7827304E+00
  -0.6206023E+00  -0.7841255E+00
  -0.6188405E+00  -0.7855167E+00
  -0.6170756E+00  -0.7869039E+00
  -0.6153076E+00  -0.7882871E+00
  -0.6135365E+00  -0.7896663E+00
  -0.6117624E+00  -0.7910416E+00
  -0.6099851E+00  -0.7924129E+00
  -0.6082047E+00  -0.7937802E+00
  -0.6064213E+00  -0.7951435E+00
  -0.6046349E+00  -0.7965028E+00
  -0.6028454E+00  -0.7978580E+00
  -0.6010528E+00  -0.7992093E+00
  -0.5992572E+00  -0.8005565E+00
  -0.5974587E+00  -0.8018997E+00
  -0.5956570E+00  -0.8032389E+00
  -0.5938524E+00  -0.8045740E+00
  -0.5920448E+00  -0.8059050E+00
  -0.5902343E+00  -0.8072320E+00
  -0.5884207E+00  -0.8085549E+00
  -0.5866042E+00  -0.8098738E+00
  -0.5847847E+00  -0.8111885E+00
  -0.5829623E+00  -0.8124992E+00
  -0.5811369E+00  -0.8138058E+00
  -0.5793086E+00  -0.8151083E+00
  -0.5774774E+00  -0.8164067E+00
  -0.5756433E+00  -0.8177009E+00
  -0.5738063E+00  -0.8189911E+00
  -0.5719664E+00  -0.8202771E+00
  -0.5701236E+00  -0.8215590E+00
  -0.5682779E+00  -0.8228367E+00
  -0.5664294E+00  -0.8241103E+00
  -0.5645780E+00  -0.8253797E+00
  -0.5627237E+00  -0.8266450E+00
  -0.5608667E+00  -0.8279061E+00
  -0.5590068E+00  -0.8291631E+00
  -0.5571441E+00  -0.8304158E+00
  -0.5552786E+00  -0.8316644E+00
  -0.5534102E+00  -0.8329088E+00
  -0.5515391E+00  -0.8341490E+00
  -0.5496653E+00  -0.8353850E+00
  -0.5477886E+00  -0.8366168E+00
  -0.5459092E+00  -0.8378443E+00
  -0.5440270E+00  -0.8390677E+00
  -0.5421421E+00  -0.8402868E+00
  -0.5402545E+00  -0.8415017E+00
  -0.5383641E+00  -0.8427123E+00
  -0.5364711E+00  -0.8439187E+00
  -0.5345753E+00  -0.8451209E+00
  -0.5326768E+00  -0.8463187E+00
  -0.5307757E+00  -0.8475124E+00
  -0.5288718E+00  -0.8487017E+00
  -0.5269653E+00  -0.8498868E+00
  -0.5250562E+00  -0.8510676E+00
  -0.5231444E+00  -0.8522441E+00
  -0.5212300E+00  -0.8534163E+00
  -0.5193129E+00  -0.8545842E+00
  -0.5173932E+00  -0.8557478E+00
  -0.5154709E+00  -0.8569071E+00
  -0.5135461E+00  -0.8580620E+00
  -0.5116186E+00  -0.8592127E+00
  -0.5096886E+00  -0.8603590E+00
  -0.5077559E+00  -0.8615010E+00
  -0.5058208E+00  -0.8626386E+00
  -0.5038830E+00  -0.8637719E+00
  -0.5019428E+00  -0.8649008E+00
  -0.5000000E+00  -0.8660254E+00
  -0.4980547E+00  -0.8671456E+00
  -0.4961069E+00  -0.8682615E+00
  -0.4941566E+00  -0.8693729E+00
  -0.4922037E+00  -0.8704800E+00
  -0.4902485E+00  -0.8715827E+00
  -0.4882907E+00  -0.8726810E+00
  -0.4863305E+00  -0.8737750E+00
  -0.4843678E+00  -0.8748645E+00
  -0.4824027E+00  -0.8759496E+00
  -0.4804352E+00  -0.8770303E+00
  -0.4784652E+00  -0.8781065E+00
  -0.4764928E+00  -0.8791784E+00
  -0.4745180E+00  -0.8802458E+00
  -0.4725409E+00  -0.8813088E+00
  -0.4705613E+00  -0.8823673E+00
  -0.4685794E+00  -0.8834214E+00
  -0.4665951E+00  -0.8844710E+00
  -0.4646085E+00  -0.8855162E+00
  -0.4626195E+00  -0.8865569E+00
  -0.4606282E+00  -0.8875932E+00
  -0.4586346E+00  -0.8886250E+00
  -0.4566387E+00  -0.8896523E+00
  -0.4546404E+00  -0.8906751E+00
  -0.4526399E+00  -0.8916934E+00
  -0.4506371E+00  -0.8927072E+00
  -0.4486320E+00  -0.8937166E+00
  -0.4466247E+00  -0.8947214E+00
  -0.4446151E+00  -0.8957217E+00
  -0.4426032E+00  -0.8967176E+00
  -0.4405892E+00  -0.8977088E+00
  -0.4385729E+00  -0.8986956E+00
  -0.4365544E+00  -0.8996779E+00
  -0.4345337E+00  -0.9006556E+00
  -0.4325108E+00  -0.9016287E+00
  -0.4304858E+00  -0.9025974E+00
  -0.4284585E+00  -0.9035614E+00
  -0.4264292E+00  -0.9045210E+00
  -0.4243976E+00  -0.9054759E+00
  -0.4223639E+00  -0.9064263E+00
  -0.4203281E+00  -0.9073722E+00
  -0.4182902E+00  -0.9083134E+00
  -0.4162502E+00  -0.9092501E+00
  -0.4142080E+00  -0.9101822E+00
  -0.4121638E+00  -0.9111097E+00
  -0.4101175E+00  -0.9120327E+00
  -0.4080692E+00  -0.9129510E+00
  -0.4060188E+00  -0.9138647E+00
  -0.4039663E+00  -0.9147739E+00
  -0.4019118E+00  -0.9156784E+00
  -0.3998553E+00  -0.9165783E+00
  -0.3977967E+00  -0.9174736E+00
  -0.3957362E+00  -0.9183642E+00
  -0.3936737E+00  -0.9192503E+00
  -0.3916091E+00  -0.9201317E+00
  -0.3895427E+00  -0.9210084E+00
  -0.3874742E+00  -0.9218805E+00
  -0.3854038E+00  -0.9227480E+00
  -0.3833314E+00  -0.9236109E+00
  -0.3812572E+00  -0.9244690E+00
  -0.3791810E+00  -0.9253225E+00
  -0.3771028E+00  -0.9261714E+00
  -0.3750228E+00  -0.9270156E+00
  -0.3729409E+00  -0.9278551E+00
  -0.3708571E+00  -0.9286899E+00
  -0.3687715E+00  -0.9295201E+00
  -0.3666840E+00  -0.9303456E+00
  -0.3645946E+00  -0.9311663E+00
  -0.3625034E+00  -0.9319824E+00
  -0.3604104E+00  -0.9327938E+00
  -0.3583156E+00  -0.9336005E+00
  -0.3562189E+00  -0.9344025E+00
  -0.3541205E+00  -0.9351998E+00
  -0.3520202E+00  -0.9359924E+00
  -0.3499183E+00  -0.9367802E+00
  -0.3478145E+00  -0.9375634E+00
  -0.3457090E+00  -0.9383418E+00
  -0.3436017E+00  -0.9391155E+00
  -0.3414927E+00  -0.9398844E+00
  -0.3393820E+00  -0.9406486E+00
  -0.3372696E+00  -0.9414081E+00
  -0.3351555E+00  -0.9421628E+00
  -0.3330397E+00  -0.9429128E+00
  -0.3309222E+00  -0.9436580E+00
  -0.3288030E+00  -0.9443985E+00
  -0.3266822E+00  -0.9451342E+00
  -0.3245598E+00  -0.9458652E+00
  -0.3224357E+00  -0.9465914E+00
  -0.3203100E+00  -0.9473128E+00
  -0.3181826E+00  -0.9480294E+00
  -0.3160537E+00  -0.9487413E+00
  -0.3139232E+00  -0.9494484E+00
  -0.3117911E+00  -0.9501507E+00
  -0.3096574E+00  -0.9508482E+00
  -0.3075222E+00  -0.9515409E+00
  -0.3053854E+00  -0.9522288E+00
  -0.3032470E+00  -0.9529120E+00
  -0.3011072E+00  -0.9535903E+00
  -0.2989658E+00  -0.9542638E+00
  -0.2968229E+00  -0.9549325E+00
  -0.2946786E+00  -0.9555964E+00
  -0.2925327E+00  -0.9562555E+00
  -0.2903854E+00  -0.9569098E+00
  -0.2882366E+00  -0.9575592E+00
  -0.2860863E+00  -0.9582038E+00
  -0.2839346E+00  -0.9588436E+00
  -0.2817815E+00  -0.9594786E+00
  -0.2796270E+00  -0.9601087E+00
  -0.2774710E+00  -0.9607340E+00
  -0.2753137E+00  -0.9613545E+00
  -0.2731549E+00  -0.9619701E+00
  -0.2709948E+00  -0.9625808E+00
  -0.2688333E+00  -0.9631867E+00
  -0.2666705E+00  -0.9637878E+00
  -0.2645063E+00  -0.9643840E+00
  -0.2623408E+00  -0.9649753E+00
  -0.2601740E+00  -0.9655618E+00
  -0.2580058E+00  -0.9661434E+00
  -0.2558364E+00  -0.9667201E+00
  -0.2536657E+00  -0.9672920E+00
  -0.2514937E+00  -0.9678589E+00
  -0.2493204E+00  -0.9684211E+00
  -0.2471458E+00  -0.9689783E+00
  -0.2449701E+00  -0.9695306E+00
  -0.2427930E+00  -0.9700781E+00
  -0.2406148E+00  -0.9706207E+00
  -0.2384354E+00  -0.9711584E+00
  -0.2362547E+00  -0.9716912E+00
  -0.2340729E+00  -0.9722191E+00
  -0.2318898E+00  -0.9727421E+00
  -0.2297057E+00  -0.9732601E+00
  -0.2275203E+00  -0.9737733E+00
  -0.2253338E+00  -0.9742816E+00
  -0.2231462E+00  -0.9747850E+00
  -0.2209574E+00  -0.9752835E+00
  -0.2187676E+00  -0.9757770E+00
  -0.2165766E+00  -0.9762656E+00
  -0.2143845E+00  -0.9767493E+00
  -0.2121914E+00  -0.9772281E+00
  -0.2099972E+00  -0.9777020E+00
  -0.2078019E+00  -0.9781709E+00
  -0.2056056E+00  -0.9786349E+00
  -0.2034082E+00  -0.9790940E+00
  -0.2012099E+00  -0.9795482E+00
  -0.1990105E+00  -0.9799974E+00
  -0.1968101E+00  -0.9804416E+00
  -0.1946087E+00  -0.9808810E+00
  -0.1924063E+00  -0.9813153E+00
  -0.1902030E+00  -0.9817448E+00
  -0.1879987E+00  -0.9821693E+00
  -0.1857934E+00  -0.9825888E+00
  -0.1835873E+00  -0.9830034E+00
  -0.1813802E+00  -0.9834131E+00
  -0.1791721E+00  -0.9838177E+00
  -0.1769632E+00  -0.9842175E+00
  -0.1747534E+00  -0.9846122E+00
  -0.1725427E+00  -0.9850020E+00
  -0.1703312E+00  -0.9853869E+00
  -0.1681187E+00  -0.9857668E+00
  -0.1659055E+00  -0.9861417E+00
  -0.1636914E+00  -0.9865116E+00
  -0.1614764E+00  -0.9868766E+00
  -0.1592607E+00  -0.9872366E+00
  -0.1570442E+00  -0.9875916E+00
  -0.1548268E+00  -0.9879416E+00
  -0.1526087E+00  -0.9882867E+00
  -0.1503898E+00  -0.9886268E+00
  -0.1481702E+00  -0.9889619E+00
  -0.1459498E+00  -0.9892920E+00
  -0.1437287E+00  -0.9896171E+00
  -0.1415068E+00  -0.9899373E+00
  -0.1392842E+00  -0.9902524E+00
  -0.1370610E+00  -0.9905626E+00
  -0.1348370E+00  -0.9908678E+00
  -0.1326124E+00  -0.9911680E+00
  -0.1303871E+00  -0.9914632E+00
  -0.1281611E+00  -0.9917534E+00
  -0.1259345E+00  -0.9920386E+00
  -0.1237073E+00  -0.9923188E+00
  -0.1214794E+00  -0.9925940E+00
  -0.1192509E+00  -0.9928641E+00
  -0.1170219E+00  -0.9931293E+00
  -0.1147922E+00  -0.9933895E+00
  -0.1125620E+00  -0.9936447E+00
  -0.1103311E+00  -0.9938949E+00
  -0.1080998E+00  -0.9941400E+00
  -0.1058679E+00  -0.9943802E+00
  -0.1036354E+00  -0.9946154E+00
  -0.1014025E+00  -0.9948455E+00
  -0.9916897E-01  -0.9950706E+00
  -0.9693500E-01  -0.9952907E+00
  -0.9470053E-01  -0.9955058E+00
  -0.9246558E-01  -0.9957159E+00
  -0.9023017E-01  -0.9959209E+00
  -0.8799431E-01  -0.9961210E+00
  -0.8575800E-01  -0.9963160E+00
  -0.8352126E-01  -0.9965060E+00
  -0.8128410E-01  -0.9966910E+00
  -0.7904652E-01  -0.9968709E+00
  -0.7680856E-01  -0.9970459E+00
  -0.7457020E-01  -0.9972158E+00
  -0.7233147E-01  -0.9973806E+00
  -0.7009237E-01  -0.9975405E+00
  -0.6785292E-01  -0.9976953E+00
  -0.6561313E-01  -0.9978451E+00
  -0.6337300E-01  -0.9979899E+00
  -0.6113256E-01  -0.9981297E+00
  -0.5889181E-01  -0.9982644E+00
  -0.5665077E-01  -0.9983941E+00
  -0.5440943E-01  -0.9985187E+00
  -0.5216783E-01  -0.9986383E+00
  -0.4992596E-01  -0.9987529E+00
  -0.4768384E-01  -0.9988625E+00
  -0.4544147E-01  -0.9989670E+00
  -0.4319888E-01  -0.9990665E+00
  -0.4095608E-01  -0.9991609E+00
  -0.3871306E-01  -0.9992504E+00
  -0.3646985E-01  -0.9993348E+00
  -0.3422646E-01  -0.9994141E+00
  -0.3198289E-01  -0.9994884E+00
  -0.2973917E-01  -0.9995577E+00
  -0.2749529E-01  -0.9996219E+00
  -0.2525128E-01  -0.9996811E+00
  -0.2300713E-01  -0.9997353E+00
  -0.2076288E-01  -0.9997844E+00
  -0.1851851E-01  -0.9998285E+00
  -0.1627406E-01  -0.9998676E+00
  -0.1402952E-01  -0.9999016E+00
  -0.1178491E-01  -0.9999306E+00
  -0.9540240E-02  -0.9999545E+00
  -0.7295524E-02  -0.9999734E+00
  -0.5050771E-02  -0.9999872E+00
  -0.2805992E-02  -0.9999961E+00
  -0.5611991E-03  -0.9999998E+00
   0.1683597E-02  -0.9999986E+00
   0.3928384E-02  -0.9999923E+00
   0.6173151E-02  -0.9999809E+00
   0.8417887E-02  -0.9999646E+00
   0.1066258E-01  -0.9999432E+00
   0.1290722E-01  -0.9999167E+00
   0.1515180E-01  -0.9998852E+00
   0.1739630E-01  -0.9998487E+00
   0.1964071E-01  -0.9998071E+00
   0.2188502E-01  -0.9997605E+00
   0.2412922E-01  -0.9997088E+00
   0.2637330E-01  -0.9996522E+00
   0.2861725E-01  -0.9995904E+00
   0.3086105E-01  -0.9995237E+00
   0.3310470E-01  -0.9994519E+00
   0.3534818E-01  -0.9993751E+00
   0.3759148E-01  -0.9992932E+00
   0.3983459E-01  -0.9992063E+00
   0.4207751E-01  -0.9991143E+00
   0.4432021E-01  -0.9990174E+00
   0.4656268E-01  -0.9989154E+00
   0.4880493E-01  -0.9988083E+00
   0.5104692E-01  -0.9986963E+00
   0.5328866E-01  -0.9985791E+00
   0.5553013E-01  -0.9984570E+00
   0.5777133E-01  -0.9983298E+00
   0.6001222E-01  -0.9981976E+00
   0.6225282E-01  -0.9980604E+00
   0.6449311E-01  -0.9979182E+00
   0.6673306E-01  -0.9977709E+00
   0.6897269E-01  -0.9976185E+00
   0.7121196E-01  -0.9974612E+00
   0.7345088E-01  -0.9972988E+00
   0.7568942E-01  -0.9971314E+00
   0.7792759E-01  -0.9969590E+00
   0.8016536E-01  -0.9967816E+00
   0.8240273E-01  -0.9965991E+00
   0.8463968E-01  -0.9964116E+00
   0.8687621E-01  -0.9962191E+00
   0.8911230E-01  -0.9960216E+00
   0.9134794E-01  -0.9958190E+00
   0.9358311E-01  -0.9956115E+00
   0.9581782E-01  -0.9953989E+00
   0.9805205E-01  -0.9951813E+00
   0.1002858E+00  -0.9949587E+00
   0.1025190E+00  -0.9947310E+00
   0.1047517E+00  -0.9944984E+00
   0.1069839E+00  -0.9942608E+00
   0.1092155E+00  -0.9940181E+00
   0.1114466E+00  -0.9937704E+00
   0.1136772E+00  -0.9935177E+00
   0.1159071E+00  -0.9932601E+00
   0.1181365E+00  -0.9929974E+00
   0.1203653E+00  -0.9927297E+00
   0.1225934E+00  -0.9924570E+00
   0.1248210E+00  -0.9921793E+00
   0.1270479E+00  -0.9918966E+00
   0.1292742E+00  -0.9916089E+00
   0.1314998E+00  -0.9913162E+00
   0.1337248E+00  -0.9910185E+00
   0.1359491E+00  -0.9907158E+00
   0.1381727E+00  -0.9904082E+00
   0.1403956E+00  -0.9900955E+00
   0.1426178E+00  -0.9897778E+00
   0.1448393E+00  -0.9894552E+00
   0.1470601E+00  -0.9891276E+00
   0.1492801E+00  -0.9887950E+00
   0.1514994E+00  -0.9884574E+00
   0.1537179E+00  -0.9881148E+00
   0.1559356E+00  -0.9877672E+00
   0.1581525E+00  -0.9874147E+00
   0.1603687E+00  -0.9870572E+00
   0.1625840E+00  -0.9866947E+00
   0.1647985E+00  -0.9863273E+00
   0.1670122E+00  -0.9859548E+00
   0.1692251E+00  -0.9855774E+00
   0.1714370E+00  -0.9851951E+00
   0.1736482E+00  -0.9848078E+00
   0.1758584E+00  -0.9844155E+00
   0.1780678E+00  -0.9840182E+00
   0.1802763E+00  -0.9836160E+00
   0.1824838E+00  -0.9832089E+00
   0.1846905E+00  -0.9827967E+00
   0.1868962E+00  -0.9823797E+00
   0.1891010E+00  -0.9819577E+00
   0.1913048E+00  -0.9815307E+00
   0.1935076E+00  -0.9810988E+00
   0.1957095E+00  -0.9806619E+00
   0.1979104E+00  -0.9802201E+00
   0.2001103E+00  -0.9797734E+00
   0.2023092E+00  -0.9793217E+00
   0.2045070E+00  -0.9788651E+00
   0.2067039E+00  -0.9784036E+00
   0.2088997E+00  -0.9779371E+00
   0.2110944E+00  -0.9774657E+00
   0.2132881E+00  -0.9769894E+00
   0.2154807E+00  -0.9765081E+00
   0.2176722E+00  -0.9760219E+00
   0.2198626E+00  -0.9755308E+00
   0.2220519E+00  -0.9750348E+00
   0.2242401E+00  -0.9745339E+00
   0.2264272E+00  -0.9740281E+00
   0.2286131E+00  -0.9735174E+00
   0.2307979E+00  -0.9730017E+00
   0.2329815E+00  -0.9724812E+00
   0.2351639E+00  -0.9719557E+00
   0.2373452E+00  -0.9714254E+00
   0.2395252E+00  -0.9708901E+00
   0.2417041E+00  -0.9703500E+00
   0.2438817E+00  -0.9698050E+00
   0.2460581E+00  -0.9692551E+00
   0.2482333E+00  -0.9687003E+00
   0.2504072E+00  -0.9681406E+00
   0.2525798E+00  -0.9675761E+00
   0.2547512E+00  -0.9670066E+00
   0.2569213E+00  -0.9664323E+00
   0.2590901E+00  -0.9658532E+00
   0.2612576E+00  -0.9652691E+00
   0.2634237E+00  -0.9646802E+00
   0.2655886E+00  -0.9640865E+00
   0.2677521E+00  -0.9634878E+00
   0.2699142E+00  -0.9628844E+00
   0.2720750E+00  -0.9622760E+00
   0.2742345E+00  -0.9616629E+00
   0.2763925E+00  -0.9610448E+00
   0.2785492E+00  -0.9604220E+00
   0.2807044E+00  -0.9597943E+00
   0.2828582E+00  -0.9591617E+00
   0.2850107E+00  -0.9585243E+00
   0.2871616E+00  -0.9578821E+00
   0.2893112E+00  -0.9572351E+00
   0.2914592E+00  -0.9565833E+00
   0.2936058E+00  -0.9559266E+00
   0.2957509E+00  -0.9552651E+00
   0.2978946E+00  -0.9545988E+00
   0.3000367E+00  -0.9539277E+00
   0.3021773E+00  -0.9532517E+00
   0.3043164E+00  -0.9525710E+00
   0.3064540E+00  -0.9518855E+00
   0.3085900E+00  -0.9511952E+00
   0.3107244E+00  -0.9505000E+00
   0.3128573E+00  -0.9498001E+00
   0.3149887E+00  -0.9490954E+00
   0.3171184E+00  -0.9483860E+00
   0.3192465E+00  -0.9476717E+00
   0.3213730E+00  -0.9469527E+00
   0.3234979E+00  -0.9462289E+00
   0.3256212E+00  -0.9455003E+00
   0.3277428E+00  -0.9447670E+00
   0.3298628E+00  -0.9440289E+00
   0.3319812E+00  -0.9432860E+00
   0.3340978E+00  -0.9425384E+00
   0.3362128E+00  -0.9417861E+00
   0.3383260E+00  -0.9410290E+00
   0.3404376E+00  -0.9402671E+00
   0.3425474E+00  -0.9395005E+00
   0.3446556E+00  -0.9387292E+00
   0.3467620E+00  -0.9379532E+00
   0.3488666E+00  -0.9371724E+00
   0.3509695E+00  -0.9363869E+00
   0.3530706E+00  -0.9355967E+00
   0.3551699E+00  -0.9348018E+00
   0.3572675E+00  -0.9340021E+00
   0.3593632E+00  -0.9331978E+00
   0.3614571E+00  -0.9323887E+00
   0.3635492E+00  -0.9315750E+00
   0.3656395E+00  -0.9307565E+00
   0.3677280E+00  -0.9299334E+00
   0.3698145E+00  -0.9291056E+00
   0.3718993E+00  -0.9282731E+00
   0.3739821E+00  -0.9274359E+00
   0.3760631E+00  -0.9265941E+00
   0.3781421E+00  -0.9257476E+00
   0.3802193E+00  -0.9248964E+00
   0.3822945E+00  -0.9240405E+00
   0.3843679E+00  -0.9231800E+00
   0.3864392E+00  -0.9223149E+00
   0.3885087E+00  -0.9214451E+00
   0.3905761E+00  -0.9205706E+00
   0.3926417E+00  -0.9196915E+00
   0.3947052E+00  -0.9188078E+00
   0.3967667E+00  -0.9179195E+00
   0.3988263E+00  -0.9170265E+00
   0.4008838E+00  -0.9161289E+00
   0.4029393E+00  -0.9152267E+00
   0.4049928E+00  -0.9143199E+00
   0.4070442E+00  -0.9134084E+00
   0.4090936E+00  -0.9124924E+00
   0.4111409E+00  -0.9115718E+00
   0.4131862E+00  -0.9106466E+00
   0.4152294E+00  -0.9097168E+00
   0.4172705E+00  -0.9087824E+00
   0.4193094E+00  -0.9078434E+00
   0.4213463E+00  -0.9068998E+00
   0.4233810E+00  -0.9059517E+00
   0.4254136E+00  -0.9049990E+00
   0.4274441E+00  -0.9040418E+00
   0.4294724E+00  -0.9030800E+00
   0.4314986E+00  -0.9021136E+00
   0.4335225E+00  -0.9011427E+00
   0.4355443E+00  -0.9001673E+00
   0.4375639E+00  -0.8991873E+00
   0.4395813E+00  -0.8982028E+00
   0.4415965E+00  -0.8972138E+00
   0.4436094E+00  -0.8962202E+00
   0.4456201E+00  -0.8952221E+00
   0.4476286E+00  -0.8942196E+00
   0.4496348E+00  -0.8932125E+00
   0.4516388E+00  -0.8922009E+00
   0.4536404E+00  -0.8911848E+00
   0.4556398E+00  -0.8901642E+00
   0.4576369E+00  -0.8891392E+00
   0.4596317E+00  -0.8881096E+00
   0.4616242E+00  -0.8870756E+00
   0.4636143E+00  -0.8860371E+00
   0.4656021E+00  -0.8849942E+00
   0.4675876E+00  -0.8839468E+00
   0.4695707E+00  -0.8828949E+00
   0.4715514E+00  -0.8818386E+00
   0.4735298E+00  -0.8807778E+00
   0.4755057E+00  -0.8797126E+00
   0.4774793E+00  -0.8786430E+00
   0.4794505E+00  -0.8775689E+00
   0.4814192E+00  -0.8764905E+00
   0.4833856E+00  -0.8754076E+00
   0.4853494E+00  -0.8743203E+00
   0.4873109E+00  -0.8732285E+00
   0.4892699E+00  -0.8721324E+00
   0.4912264E+00  -0.8710319E+00
   0.4931805E+00  -0.8699270E+00
   0.4951320E+00  -0.8688177E+00
   0.4970811E+00  -0.8677041E+00
   0.4990277E+00  -0.8665861E+00
   0.5009717E+00  -0.8654637E+00
   0.5029132E+00  -0.8643369E+00
   0.5048522E+00  -0.8632058E+00
   0.5067887E+00  -0.8620703E+00
   0.5087226E+00  -0.8609305E+00
   0.5106539E+00  -0.8597864E+00
   0.5125827E+00  -0.8586379E+00
   0.5145088E+00  -0.8574851E+00
   0.5164324E+00  -0.8563280E+00
   0.5183534E+00  -0.8551665E+00
   0.5202718E+00  -0.8540008E+00
   0.5221875E+00  -0.8528307E+00
   0.5241006E+00  -0.8516564E+00
   0.5260111E+00  -0.8504777E+00
   0.5279189E+00  -0.8492948E+00
   0.5298241E+00  -0.8481076E+00
   0.5317266E+00  -0.8469161E+00
   0.5336264E+00  -0.8457203E+00
   0.5355235E+00  -0.8445203E+00
   0.5374179E+00  -0.8433161E+00
   0.5393096E+00  -0.8421075E+00
   0.5411986E+00  -0.8408948E+00
   0.5430849E+00  -0.8396778E+00
   0.5449685E+00  -0.8384565E+00
   0.5468492E+00  -0.8372311E+00
   0.5487273E+00  -0.8360014E+00
   0.5506025E+00  -0.8347675E+00
   0.5524750E+00  -0.8335294E+00
   0.5543448E+00  -0.8322871E+00
   0.5562117E+00  -0.8310407E+00
   0.5580758E+00  -0.8297900E+00
   0.5599371E+00  -0.8285351E+00
   0.5617956E+00  -0.8272761E+00
   0.5636512E+00  -0.8260129E+00
   0.5655040E+00  -0.8247455E+00
   0.5673540E+00  -0.8234740E+00
   0.5692011E+00  -0.8221983E+00
   0.5710453E+00  -0.8209185E+00
   0.5728867E+00  -0.8196346E+00
   0.5747251E+00  -0.8183465E+00
   0.5765607E+00  -0.8170543E+00
   0.5783934E+00  -0.8157580E+00
   0.5802231E+00  -0.8144576E+00
   0.5820500E+00  -0.8131530E+00
   0.5838739E+00  -0.8118444E+00
   0.5856948E+00  -0.8105317E+00
   0.5875128E+00  -0.8092149E+00
   0.5893278E+00  -0.8078940E+00
   0.5911399E+00  -0.8065690E+00
   0.5929490E+00  -0.8052400E+00
   0.5947551E+00  -0.8039069E+00
   0.5965582E+00  -0.8025698E+00
   0.5983583E+00  -0.8012286E+00
   0.6001554E+00  -0.7998834E+00
   0.6019495E+00  -0.7985342E+00
   0.6037405E+00  -0.7971809E+00
   0.6055285E+00  -0.7958236E+00
   0.6073134E+00  -0.7944623E+00
   0.6090953E+00  -0.7930970E+00
   0.6108741E+00  -0.7917278E+00
   0.6126498E+00  -0.7903545E+00
   0.6144225E+00  -0.7889772E+00
   0.6161920E+00  -0.7875960E+00
   0.6179585E+00  -0.7862108E+00
   0.6197218E+00  -0.7848216E+00
   0.6214820E+00  -0.7834285E+00
   0.6232390E+00  -0.7820314E+00
   0.6249930E+00  -0.7806304E+00
   0.6267438E+00  -0.7792254E+00
   0.6284914E+00  -0.7778166E+00
   0.6302358E+00  -0.7764038E+00
   0.6319771E+00  -0.7749871E+00
   0.6337152E+00  -0.7735664E+00
   0.6354501E+00  -0.7721419E+00
   0.6371818E+00  -0.7707135E+00
   0.6389103E+00  -0.7692812E+00
   0.6406356E+00  -0.7678451E+00
   0.6423576E+00  -0.7664051E+00
   0.6440764E+00  -0.7649612E+00
   0.6457920E+00  -0.7635134E+00
   0.6475043E+00  -0.7620618E+00
   0.6492133E+00  -0.7606064E+00
   0.6509191E+00  -0.7591471E+00
   0.6526216E+00  -0.7576840E+00
   0.6543208E+00  -0.7562171E+00
   0.6560167E+00  -0.7547464E+00
   0.6577093E+00  -0.7532719E+00
   0.6593986E+00  -0.7517936E+00
   0.6610845E+00  -0.7503114E+00
   0.6627671E+00  -0.7488256E+00
   0.6644464E+00  -0.7473359E+00
   0.6661224E+00  -0.7458425E+00
   0.6677950E+00  -0.7443453E+00
   0.6694642E+00  -0.7428443E+00
   0.6711300E+00  -0.7413397E+00
   0.6727925E+00  -0.7398312E+00
   0.6744516E+00  -0.7383191E+00
   0.6761072E+00  -0.7368032E+00
   0.6777595E+00  -0.7352837E+00
   0.6794084E+00  -0.7337604E+00
   0.6810538E+00  -0.7322334E+00
   0.6826958E+00  -0.7307027E+00
   0.6843343E+00  -0.7291684E+00
   0.6859695E+00  -0.7276303E+00
   0.6876011E+00  -0.7260886E+00
   0.6892293E+00  -0.7245433E+00
   0.6908540E+00  -0.7229943E+00
   0.6924752E+00  -0.7214416E+00
   0.6940930E+00  -0.7198854E+00
   0.6957072E+00  -0.7183254E+00
   0.6973180E+00  -0.7167619E+00
   0.6989252E+00  -0.7151948E+00
   0.7005289E+00  -0.7136240E+00
   0.7021291E+00  -0.7120497E+00
   0.7037257E+00  -0.7104718E+00
   0.7053188E+00  -0.7088902E+00
   0.7069083E+00  -0.7073052E+00
   0.7084943E+00  -0.7057165E+00
   0.7100767E+00  -0.7041243E+00
   0.7116555E+00  -0.7025286E+00
   0.7132308E+00  -0.7009293E+00
   0.7148024E+00  -0.6993265E+00
   0.7163705E+00  -0.6977201E+00
   0.7179349E+00  -0.6961102E+00
   0.7194957E+00  -0.6944969E+00
   0.7210529E+00  -0.6928800E+00
   0.7226065E+00  -0.6912596E+00
   0.7241564E+00  -0.6896358E+00
   0.7257026E+00  -0.6880085E+00
   0.7272453E+00  -0.6863777E+00
   0.7287842E+00  -0.6847434E+00
   0.7303195E+00  -0.6831058E+00
   0.7318511E+00  -0.6814646E+00
   0.7333790E+00  -0.6798200E+00
   0.7349032E+00  -0.6781720E+00
   0.7364237E+00  -0.6765206E+00
   0.7379405E+00  -0.6748658E+00
   0.7394536E+00  -0.6732076E+00
   0.7409629E+00  -0.6715460E+00
   0.7424685E+00  -0.6698810E+00
   0.7439704E+00  -0.6682126E+00
   0.7454685E+00  -0.6665408E+00
   0.7469629E+00  -0.6648657E+00
   0.7484535E+00  -0.6631873E+00
   0.7499403E+00  -0.6615055E+00
   0.7514234E+00  -0.6598204E+00
   0.7529026E+00  -0.6581319E+00
   0.7543781E+00  -0.6564401E+00
   0.7558498E+00  -0.6547451E+00
   0.7573177E+00  -0.6530467E+00
   0.7587817E+00  -0.6513450E+00
   0.7602419E+00  -0.6496401E+00
   0.7616983E+00  -0.6479318E+00
   0.7631509E+00  -0.6462203E+00
   0.7645996E+00  -0.6445056E+00
   0.7660444E+00  -0.6427876E+00
   0.7674854E+00  -0.6410664E+00
   0.7689226E+00  -0.6393419E+00
   0.7703558E+00  -0.6376142E+00
   0.7717852E+00  -0.6358833E+00
   0.7732107E+00  -0.6341492E+00
   0.7746323E+00  -0.6324119E+00
   0.7760499E+00  -0.6306715E+00
   0.7774637E+00  -0.6289278E+00
   0.7788736E+00  -0.6271810E+00
   0.7802795E+00  -0.6254310E+00
   0.7816815E+00  -0.6236778E+00
   0.7830796E+00  -0.6219215E+00
   0.7844737E+00  -0.6201621E+00
   0.7858638E+00  -0.6183996E+00
   0.7872500E+00  -0.6166339E+00
   0.7886323E+00  -0.6148651E+00
   0.7900105E+00  -0.6130933E+00
   0.7913848E+00  -0.6113183E+00
   0.7927551E+00  -0.6095403E+00
   0.7941214E+00  -0.6077592E+00
   0.7954837E+00  -0.6059750E+00
   0.7968420E+00  -0.6041878E+00
   0.7981962E+00  -0.6023975E+00
   0.7995465E+00  -0.6006042E+00
   0.8008927E+00  -0.5988079E+00
   0.8022349E+00  -0.5970085E+00
   0.8035730E+00  -0.5952062E+00
   0.8049071E+00  -0.5934008E+00
   0.8062372E+00  -0.5915925E+00
   0.8075631E+00  -0.5897811E+00
   0.8088850E+00  -0.5879668E+00
   0.8102029E+00  -0.5861496E+00
   0.8115166E+00  -0.5843294E+00
   0.8128263E+00  -0.5825062E+00
   0.8141318E+00  -0.5806801E+00
   0.8154333E+00  -0.5788511E+00
   0.8167306E+00  -0.5770192E+00
   0.8180238E+00  -0.5751843E+00
   0.8193130E+00  -0.5733466E+00
   0.8205979E+00  -0.5715059E+00
   0.8218788E+00  -0.5696624E+00
   0.8231555E+00  -0.5678160E+00
   0.8244280E+00  -0.5659668E+00
   0.8256964E+00  -0.5641147E+00
   0.8269607E+00  -0.5622597E+00
   0.8282208E+00  -0.5604020E+00
   0.8294767E+00  -0.5585414E+00
   0.8307284E+00  -0.5566780E+00
   0.8319759E+00  -0.5548117E+00
   0.8332193E+00  -0.5529427E+00
   0.8344584E+00  -0.5510709E+00
   0.8356933E+00  -0.5491964E+00
   0.8369241E+00  -0.5473190E+00
   0.8381506E+00  -0.5454389E+00
   0.8393729E+00  -0.5435561E+00
   0.8405909E+00  -0.5416705E+00
   0.8418047E+00  -0.5397822E+00
   0.8430143E+00  -0.5378911E+00
   0.8442197E+00  -0.5359974E+00
   0.8454207E+00  -0.5341009E+00
   0.8466175E+00  -0.5322018E+00
   0.8478101E+00  -0.5302999E+00
   0.8489984E+00  -0.5283955E+00
   0.8501824E+00  -0.5264883E+00
   0.8513621E+00  -0.5245785E+00
   0.8525375E+00  -0.5226660E+00
   0.8537086E+00  -0.5207509E+00
   0.8548755E+00  -0.5188332E+00
   0.8560380E+00  -0.5169129E+00
   0.8571962E+00  -0.5149900E+00
   0.8583501E+00  -0.5130644E+00
   0.8594997E+00  -0.5111363E+00
   0.8606449E+00  -0.5092056E+00
   0.8617858E+00  -0.5072724E+00
   0.8629223E+00  -0.5053366E+00
   0.8640545E+00  -0.5033982E+00
   0.8651824E+00  -0.5014573E+00
   0.8663059E+00  -0.4995139E+00
   0.8674250E+00  -0.4975680E+00
   0.8685397E+00  -0.4956195E+00
   0.8696501E+00  -0.4936686E+00
   0.8707561E+00  -0.4917152E+00
   0.8718577E+00  -0.4897592E+00
   0.8729549E+00  -0.4878009E+00
   0.8740477E+00  -0.4858400E+00
   0.8751362E+00  -0.4838768E+00
   0.8762202E+00  -0.4819110E+00
   0.8772997E+00  -0.4799429E+00
   0.8783749E+00  -0.4779723E+00
   0.8794456E+00  -0.4759993E+00
   0.8805119E+00  -0.4740240E+00
   0.8815738E+00  -0.4720462E+00
   0.8826312E+00  -0.4700661E+00
   0.8836842E+00  -0.4680836E+00
   0.8847327E+00  -0.4660987E+00
   0.8857768E+00  -0.4641115E+00
   0.8868164E+00  -0.4621219E+00
   0.8878515E+00  -0.4601300E+00
   0.8888822E+00  -0.4581358E+00
   0.8899084E+00  -0.4561393E+00
   0.8909301E+00  -0.4541405E+00
   0.8919473E+00  -0.4521394E+00
   0.8929600E+00  -0.4501360E+00
   0.8939682E+00  -0.4481304E+00
   0.8949719E+00  -0.4461225E+00
   0.8959711E+00  -0.4441123E+00
   0.8969658E+00  -0.4420999E+00
   0.8979560E+00  -0.4400853E+00
   0.8989416E+00  -0.4380685E+00
   0.8999227E+00  -0.4360494E+00
   0.9008993E+00  -0.4340282E+00
   0.9018713E+00  -0.4320048E+00
   0.9028388E+00  -0.4299792E+00
   0.9038018E+00  -0.4279514E+00
   0.9047601E+00  -0.4259215E+00
   0.9057140E+00  -0.4238894E+00
   0.9066632E+00  -0.4218552E+00
   0.9076079E+00  -0.4198188E+00
   0.9085480E+00  -0.4177804E+00
   0.9094836E+00  -0.4157398E+00
   0.9104145E+00  -0.4136972E+00
   0.9113409E+00  -0.4116525E+00
   0.9122627E+00  -0.4096056E+00
   0.9131799E+00  -0.4075568E+00
   0.9140925E+00  -0.4055058E+00
   0.9150004E+00  -0.4034529E+00
   0.9159038E+00  -0.4013979E+00
   0.9168025E+00  -0.3993408E+00
   0.9176967E+00  -0.3972818E+00
   0.9185862E+00  -0.3952208E+00
   0.9194710E+00  -0.3931577E+00
   0.9203513E+00  -0.3910927E+00
   0.9212269E+00  -0.3890257E+00
   0.9220979E+00  -0.3869568E+00
   0.9229642E+00  -0.3848859E+00
   0.9238258E+00  -0.3828130E+00
   0.9246828E+00  -0.3807383E+00
   0.9255352E+00  -0.3786616E+00
   0.9263829E+00  -0.3765830E+00
   0.9272259E+00  -0.3745025E+00
   0.9280642E+00  -0.3724201E+00
   0.9288979E+00  -0.3703359E+00
   0.9297269E+00  -0.3682498E+00
   0.9305512E+00  -0.3661618E+00
   0.9313708E+00  -0.3640720E+00
   0.9321857E+00  -0.3619803E+00
   0.9329960E+00  -0.3598869E+00
   0.9338015E+00  -0.3577916E+00
   0.9346023E+00  -0.3556945E+00
   0.9353984E+00  -0.3535956E+00
   0.9361898E+00  -0.3514949E+00
   0.9369765E+00  -0.3493925E+00
   0.9377584E+00  -0.3472883E+00
   0.9385356E+00  -0.3451823E+00
   0.9393081E+00  -0.3430746E+00
   0.9400759E+00  -0.3409652E+00
   0.9408389E+00  -0.3388541E+00
   0.9415972E+00  -0.3367412E+00
   0.9423508E+00  -0.3346267E+00
   0.9430996E+00  -0.3325105E+00
   0.9438436E+00  -0.3303926E+00
   0.9445829E+00  -0.3282730E+00
   0.9453174E+00  -0.3261518E+00
   0.9460472E+00  -0.3240289E+00
   0.9467722E+00  -0.3219044E+00
   0.9474924E+00  -0.3197783E+00
   0.9482078E+00  -0.3176506E+00
   0.9489185E+00  -0.3155212E+00
   0.9496244E+00  -0.3133903E+00
   0.9503255E+00  -0.3112578E+00
   0.9510218E+00  -0.3091237E+00
   0.9517133E+00  -0.3069881E+00
   0.9524001E+00  -0.3048509E+00
   0.9530820E+00  -0.3027122E+00
   0.9537591E+00  -0.3005720E+00
   0.9544314E+00  -0.2984302E+00
   0.9550990E+00  -0.2962870E+00
   0.9557617E+00  -0.2941422E+00
   0.9564195E+00  -0.2919960E+00
   0.9570726E+00  -0.2898483E+00
   0.9577208E+00  -0.2876991E+00
   0.9583642E+00  -0.2855485E+00
   0.9590028E+00  -0.2833965E+00
   0.9596366E+00  -0.2812430E+00
   0.9602655E+00  -0.2790881E+00
   0.9608896E+00  -0.2769318E+00
   0.9615088E+00  -0.2747741E+00
   0.9621232E+00  -0.2726150E+00
   0.9627327E+00  -0.2704546E+00
   0.9633374E+00  -0.2682928E+00
   0.9639373E+00  -0.2661296E+00
   0.9645322E+00  -0.2639651E+00
   0.9651224E+00  -0.2617992E+00
   0.9657076E+00  -0.2596321E+00
   0.9662880E+00  -0.2574636E+00
   0.9668635E+00  -0.2552938E+00
   0.9674342E+00  -0.2531228E+00
   0.9679999E+00  -0.2509505E+00
   0.9685608E+00  -0.2487769E+00
   0.9691168E+00  -0.2466020E+00
   0.9696680E+00  -0.2444259E+00
   0.9702142E+00  -0.2422486E+00
   0.9707556E+00  -0.2400701E+00
   0.9712920E+00  -0.2378903E+00
   0.9718236E+00  -0.2357094E+00
   0.9723503E+00  -0.2335272E+00
   0.9728720E+00  -0.2313439E+00
   0.9733889E+00  -0.2291594E+00
   0.9739009E+00  -0.2269738E+00
   0.9744079E+00  -0.2247870E+00
   0.9749101E+00  -0.2225991E+00
   0.9754073E+00  -0.2204101E+00
   0.9758996E+00  -0.2182199E+00
   0.9763870E+00  -0.2160287E+00
   0.9768695E+00  -0.2138363E+00
   0.9773471E+00  -0.2116429E+00
   0.9778197E+00  -0.2094485E+00
   0.9782874E+00  -0.2072529E+00
   0.9787502E+00  -0.2050563E+00
   0.9792080E+00  -0.2028587E+00
   0.9796609E+00  -0.2006601E+00
   0.9801089E+00  -0.1984605E+00
   0.9805519E+00  -0.1962598E+00
   0.9809900E+00  -0.1940582E+00
   0.9814232E+00  -0.1918556E+00
   0.9818514E+00  -0.1896520E+00
   0.9822746E+00  -0.1874475E+00
   0.9826929E+00  -0.1852420E+00
   0.9831063E+00  -0.1830356E+00
   0.9835147E+00  -0.1808282E+00
   0.9839181E+00  -0.1786200E+00
   0.9843166E+00  -0.1764109E+00
   0.9847101E+00  -0.1742008E+00
   0.9850987E+00  -0.1719899E+00
   0.9854823E+00  -0.1697781E+00
   0.9858609E+00  -0.1675655E+00
   0.9862346E+00  -0.1653520E+00
   0.9866033E+00  -0.1631377E+00
   0.9869670E+00  -0.1609226E+00
   0.9873258E+00  -0.1587066E+00
   0.9876796E+00  -0.1564899E+00
   0.9880284E+00  -0.1542724E+00
   0.9883722E+00  -0.1520541E+00
   0.9887110E+00  -0.1498350E+00
   0.9890449E+00  -0.1476151E+00
   0.9893738E+00  -0.1453946E+00
   0.9896976E+00  -0.1431733E+00
   0.9900165E+00  -0.1409512E+00
   0.9903305E+00  -0.1387285E+00
   0.9906394E+00  -0.1365051E+00
   0.9909433E+00  -0.1342809E+00
   0.9912422E+00  -0.1320561E+00
   0.9915362E+00  -0.1298307E+00
   0.9918251E+00  -0.1276045E+00
   0.9921091E+00  -0.1253778E+00
   0.9923880E+00  -0.1231504E+00
   0.9926620E+00  -0.1209224E+00
   0.9929309E+00  -0.1186937E+00
   0.9931949E+00  -0.1164645E+00
   0.9934538E+00  -0.1142347E+00
   0.9937077E+00  -0.1120043E+00
   0.9939566E+00  -0.1097734E+00
   0.9942006E+00  -0.1075419E+00
   0.9944395E+00  -0.1053098E+00
   0.9946734E+00  -0.1030772E+00
   0.9949022E+00  -0.1008441E+00
   0.9951261E+00  -0.9861053E-01
   0.9953450E+00  -0.9637642E-01
   0.9955588E+00  -0.9414184E-01
   0.9957676E+00  -0.9190677E-01
   0.9959714E+00  -0.8967125E-01
   0.9961702E+00  -0.8743527E-01
   0.9963640E+00  -0.8519885E-01
   0.9965527E+00  -0.8296201E-01
   0.9967364E+00  -0.8072474E-01
   0.9969151E+00  -0.7848707E-01
   0.9970888E+00  -0.7624900E-01
   0.9972575E+00  -0.7401055E-01
   0.9974211E+00  -0.7177173E-01
   0.9975797E+00  -0.6953254E-01
   0.9977333E+00  -0.6729300E-01
   0.9978818E+00  -0.6505313E-01
   0.9980253E+00  -0.6281292E-01
   0.9981638E+00  -0.6057240E-01
   0.9982973E+00  -0.5833158E-01
   0.9984257E+00  -0.5609046E-01
   0.9985491E+00  -0.5384906E-01
   0.9986675E+00  -0.5160738E-01
   0.9987808E+00  -0.4936545E-01
   0.9988891E+00  -0.4712327E-01
   0.9989923E+00  -0.4488085E-01
   0.9990906E+00  -0.4263820E-01
   0.9991838E+00  -0.4039534E-01
   0.9992719E+00  -0.3815228E-01
   0.9993551E+00  -0.3590902E-01
   0.9994332E+00  -0.3366558E-01
   0.9995062E+00  -0.3142198E-01
   0.9995742E+00  -0.2917821E-01
   0.9996372E+00  -0.2693430E-01
   0.9996951E+00  -0.2469025E-01
   0.9997481E+00  -0.2244608E-01
   0.9997959E+00  -0.2020179E-01
   0.9998388E+00  -0.1795741E-01
   0.9998765E+00  -0.1571293E-01
   0.9999093E+00  -0.1346837E-01
   0.9999370E+00  -0.1122375E-01
   0.9999597E+00  -0.8979065E-02
   0.9999773E+00  -0.6734338E-02
   0.9999899E+00  -0.4489578E-02
   0.9999975E+00  -0.2244795E-02
   0.1000000E+01  -0.2449294E-15
