  -0.1800000E+03   0.0000000E+00
  -0.1798714E+03   0.0000000E+00
  -0.1797428E+03   0.0000000E+00
  -0.1796141E+03   0.0000000E+00
  -0.1794855E+03   0.0000000E+00
  -0.1793569E+03   0.0000000E+00
  -0.1792283E+03   0.0000000E+00
  -0.1790997E+03   0.0000000E+00
  -0.1789711E+03   0.0000000E+00
  -0.1788424E+03   0.0000000E+00
  -0.1787138E+03   0.0000000E+00
  -0.1785852E+03   0.0000000E+00
  -0.1784566E+03   0.0000000E+00
  -0.1783280E+03   0.0000000E+00
  -0.1781994E+03   0.0000000E+00
  -0.1780707E+03   0.0000000E+00
  -0.1779421E+03   0.0000000E+00
  -0.1778135E+03   0.0000000E+00
  -0.1776849E+03   0.0000000E+00
  -0.1775563E+03   0.0000000E+00
  -0.1774277E+03   0.0000000E+00
  -0.1772990E+03   0.0000000E+00
  -0.1771704E+03   0.0000000E+00
  -0.1770418E+03   0.0000000E+00
  -0.1769132E+03   0.0000000E+00
  -0.1767846E+03   0.0000000E+00
  -0.1766559E+03   0.0000000E+00
  -0.1765273E+03   0.0000000E+00
  -0.1763987E+03   0.0000000E+00
  -0.1762701E+03   0.0000000E+00
  -0.1761415E+03   0.0000000E+00
  -0.1760129E+03   0.0000000E+00
  -0.1758842E+03   0.0000000E+00
  -0.1757556E+03   0.0000000E+00
  -0.1756270E+03   0.0000000E+00
  -0.1754984E+03   0.0000000E+00
  -0.1753698E+03   0.0000000E+00
  -0.1752412E+03   0.0000000E+00
  -0.1751125E+03   0.0000000E+00
  -0.1749839E+03   0.0000000E+00
  -0.1748553E+03   0.0000000E+00
  -0.1747267E+03   0.0000000E+00
  -0.1745981E+03   0.0000000E+00
  -0.1744695E+03   0.0000000E+00
  -0.1743408E+03   0.0000000E+00
  -0.1742122E+03   0.0000000E+00
  -0.1740836E+03   0.0000000E+00
  -0.1739550E+03   0.0000000E+00
  -0.1738264E+03   0.0000000E+00
  -0.1736977E+03   0.0000000E+00
  -0.1735691E+03   0.0000000E+00
  -0.1734405E+03   0.0000000E+00
  -0.1733119E+03   0.0000000E+00
  -0.1731833E+03   0.0000000E+00
  -0.1730547E+03   0.0000000E+00
  -0.1729260E+03   0.0000000E+00
  -0.1727974E+03   0.0000000E+00
  -0.1726688E+03   0.0000000E+00
  -0.1725402E+03   0.0000000E+00
  -0.1724116E+03   0.0000000E+00
  -0.1722830E+03   0.0000000E+00
  -0.1721543E+03   0.0000000E+00
  -0.1720257E+03   0.0000000E+00
  -0.1718971E+03   0.0000000E+00
  -0.1717685E+03   0.0000000E+00
  -0.1716399E+03   0.0000000E+00
  -0.1715113E+03   0.0000000E+00
  -0.1713826E+03   0.0000000E+00
  -0.1712540E+03   0.0000000E+00
  -0.1711254E+03   0.0000000E+00
  -0.1709968E+03   0.0000000E+00
  -0.1708682E+03   0.0000000E+00
  -0.1707395E+03   0.0000000E+00
  -0.1706109E+03   0.0000000E+00
  -0.1704823E+03   0.0000000E+00
  -0.1703537E+03   0.0000000E+00
  -0.1702251E+03   0.0000000E+00
  -0.1700965E+03   0.0000000E+00
  -0.1699678E+03   0.0000000E+00
  -0.1698392E+03   0.0000000E+00
  -0.1697106E+03   0.0000000E+00
  -0.1695820E+03   0.0000000E+00
  -0.1694534E+03   0.0000000E+00
  -0.1693248E+03   0.0000000E+00
  -0.1691961E+03   0.0000000E+00
  -0.1690675E+03   0.0000000E+00
  -0.1689389E+03   0.0000000E+00
  -0.1688103E+03   0.0000000E+00
  -0.1686817E+03   0.0000000E+00
  -0.1685531E+03   0.0000000E+00
  -0.1684244E+03   0.0000000E+00
  -0.1682958E+03   0.0000000E+00
  -0.1681672E+03   0.0000000E+00
  -0.1680386E+03   0.0000000E+00
  -0.1679100E+03   0.0000000E+00
  -0.1677814E+03   0.0000000E+00
  -0.1676527E+03   0.0000000E+00
  -0.1675241E+03   0.0000000E+00
  -0.1673955E+03   0.0000000E+00
  -0.1672669E+03   0.0000000E+00
  -0.1671383E+03   0.0000000E+00
  -0.1670096E+03   0.0000000E+00
  -0.1668810E+03   0.0000000E+00
  -0.1667524E+03   0.0000000E+00
  -0.1666238E+03   0.0000000E+00
  -0.1664952E+03   0.0000000E+00
  -0.1663666E+03   0.0000000E+00
  -0.1662379E+03   0.0000000E+00
  -0.1661093E+03   0.0000000E+00
  -0.1659807E+03   0.0000000E+00
  -0.1658521E+03   0.0000000E+00
  -0.1657235E+03   0.0000000E+00
  -0.1655949E+03   0.0000000E+00
  -0.1654662E+03   0.0000000E+00
  -0.1653376E+03   0.0000000E+00
  -0.1652090E+03   0.0000000E+00
  -0.1650804E+03   0.0000000E+00
  -0.1649518E+03   0.0000000E+00
  -0.1648232E+03   0.0000000E+00
  -0.1646945E+03   0.0000000E+00
  -0.1645659E+03   0.0000000E+00
  -0.1644373E+03   0.0000000E+00
  -0.1643087E+03   0.0000000E+00
  -0.1641801E+03   0.0000000E+00
  -0.1640514E+03   0.0000000E+00
  -0.1639228E+03   0.0000000E+00
  -0.1637942E+03   0.0000000E+00
  -0.1636656E+03   0.0000000E+00
  -0.1635370E+03   0.0000000E+00
  -0.1634084E+03   0.0000000E+00
  -0.1632797E+03   0.0000000E+00
  -0.1631511E+03   0.0000000E+00
  -0.1630225E+03   0.0000000E+00
  -0.1628939E+03   0.0000000E+00
  -0.1627653E+03   0.0000000E+00
  -0.1626367E+03   0.0000000E+00
  -0.1625080E+03   0.0000000E+00
  -0.1623794E+03   0.0000000E+00
  -0.1622508E+03   0.0000000E+00
  -0.1621222E+03   0.0000000E+00
  -0.1619936E+03   0.0000000E+00
  -0.1618650E+03   0.0000000E+00
  -0.1617363E+03   0.0000000E+00
  -0.1616077E+03   0.0000000E+00
  -0.1614791E+03   0.0000000E+00
  -0.1613505E+03   0.0000000E+00
  -0.1612219E+03   0.0000000E+00
  -0.1610932E+03   0.0000000E+00
  -0.1609646E+03   0.0000000E+00
  -0.1608360E+03   0.0000000E+00
  -0.1607074E+03   0.0000000E+00
  -0.1605788E+03   0.0000000E+00
  -0.1604502E+03   0.0000000E+00
  -0.1603215E+03   0.0000000E+00
  -0.1601929E+03   0.0000000E+00
  -0.1600643E+03   0.0000000E+00
  -0.1599357E+03   0.0000000E+00
  -0.1598071E+03   0.0000000E+00
  -0.1596785E+03   0.0000000E+00
  -0.1595498E+03   0.0000000E+00
  -0.1594212E+03   0.0000000E+00
  -0.1592926E+03   0.0000000E+00
  -0.1591640E+03   0.0000000E+00
  -0.1590354E+03   0.0000000E+00
  -0.1589068E+03   0.0000000E+00
  -0.1587781E+03   0.0000000E+00
  -0.1586495E+03   0.0000000E+00
  -0.1585209E+03   0.0000000E+00
  -0.1583923E+03   0.0000000E+00
  -0.1582637E+03   0.0000000E+00
  -0.1581350E+03   0.0000000E+00
  -0.1580064E+03   0.0000000E+00
  -0.1578778E+03   0.0000000E+00
  -0.1577492E+03   0.0000000E+00
  -0.1576206E+03   0.0000000E+00
  -0.1574920E+03   0.0000000E+00
  -0.1573633E+03   0.0000000E+00
  -0.1572347E+03   0.0000000E+00
  -0.1571061E+03   0.0000000E+00
  -0.1569775E+03   0.0000000E+00
  -0.1568489E+03   0.0000000E+00
  -0.1567203E+03   0.0000000E+00
  -0.1565916E+03   0.0000000E+00
  -0.1564630E+03   0.0000000E+00
  -0.1563344E+03   0.0000000E+00
  -0.1562058E+03   0.0000000E+00
  -0.1560772E+03   0.0000000E+00
  -0.1559486E+03   0.0000000E+00
  -0.1558199E+03   0.0000000E+00
  -0.1556913E+03   0.0000000E+00
  -0.1555627E+03   0.0000000E+00
  -0.1554341E+03   0.0000000E+00
  -0.1553055E+03   0.0000000E+00
  -0.1551768E+03   0.0000000E+00
  -0.1550482E+03   0.0000000E+00
  -0.1549196E+03   0.0000000E+00
  -0.1547910E+03   0.0000000E+00
  -0.1546624E+03   0.0000000E+00
  -0.1545338E+03   0.0000000E+00
  -0.1544051E+03   0.0000000E+00
  -0.1542765E+03   0.0000000E+00
  -0.1541479E+03   0.0000000E+00
  -0.1540193E+03   0.0000000E+00
  -0.1538907E+03   0.0000000E+00
  -0.1537621E+03   0.0000000E+00
  -0.1536334E+03   0.0000000E+00
  -0.1535048E+03   0.0000000E+00
  -0.1533762E+03   0.0000000E+00
  -0.1532476E+03   0.0000000E+00
  -0.1531190E+03   0.0000000E+00
  -0.1529904E+03   0.0000000E+00
  -0.1528617E+03   0.0000000E+00
  -0.1527331E+03   0.0000000E+00
  -0.1526045E+03   0.0000000E+00
  -0.1524759E+03   0.0000000E+00
  -0.1523473E+03   0.0000000E+00
  -0.1522186E+03   0.0000000E+00
  -0.1520900E+03   0.0000000E+00
  -0.1519614E+03   0.0000000E+00
  -0.1518328E+03   0.0000000E+00
  -0.1517042E+03   0.0000000E+00
  -0.1515756E+03   0.0000000E+00
  -0.1514469E+03   0.0000000E+00
  -0.1513183E+03   0.0000000E+00
  -0.1511897E+03   0.0000000E+00
  -0.1510611E+03   0.0000000E+00
  -0.1509325E+03   0.0000000E+00
  -0.1508039E+03   0.0000000E+00
  -0.1506752E+03   0.0000000E+00
  -0.1505466E+03   0.0000000E+00
  -0.1504180E+03   0.0000000E+00
  -0.1502894E+03   0.0000000E+00
  -0.1501608E+03   0.0000000E+00
  -0.1500322E+03   0.0000000E+00
  -0.1499035E+03   0.0000000E+00
  -0.1497749E+03   0.0000000E+00
  -0.1496463E+03   0.0000000E+00
  -0.1495177E+03   0.0000000E+00
  -0.1493891E+03   0.0000000E+00
  -0.1492605E+03   0.0000000E+00
  -0.1491318E+03   0.0000000E+00
  -0.1490032E+03   0.0000000E+00
  -0.1488746E+03   0.0000000E+00
  -0.1487460E+03   0.0000000E+00
  -0.1486174E+03   0.0000000E+00
  -0.1484887E+03   0.0000000E+00
  -0.1483601E+03   0.0000000E+00
  -0.1482315E+03   0.0000000E+00
  -0.1481029E+03   0.0000000E+00
  -0.1479743E+03   0.0000000E+00
  -0.1478457E+03   0.0000000E+00
  -0.1477170E+03   0.0000000E+00
  -0.1475884E+03   0.0000000E+00
  -0.1474598E+03   0.0000000E+00
  -0.1473312E+03   0.0000000E+00
  -0.1472026E+03   0.0000000E+00
  -0.1470740E+03   0.0000000E+00
  -0.1469453E+03   0.0000000E+00
  -0.1468167E+03   0.0000000E+00
  -0.1466881E+03   0.0000000E+00
  -0.1465595E+03   0.0000000E+00
  -0.1464309E+03   0.0000000E+00
  -0.1463023E+03   0.0000000E+00
  -0.1461736E+03   0.0000000E+00
  -0.1460450E+03   0.0000000E+00
  -0.1459164E+03   0.0000000E+00
  -0.1457878E+03   0.0000000E+00
  -0.1456592E+03   0.0000000E+00
  -0.1455305E+03   0.0000000E+00
  -0.1454019E+03   0.0000000E+00
  -0.1452733E+03   0.0000000E+00
  -0.1451447E+03   0.0000000E+00
  -0.1450161E+03   0.0000000E+00
  -0.1448875E+03   0.0000000E+00
  -0.1447588E+03   0.0000000E+00
  -0.1446302E+03   0.0000000E+00
  -0.1445016E+03   0.0000000E+00
  -0.1443730E+03   0.0000000E+00
  -0.1442444E+03   0.0000000E+00
  -0.1441158E+03   0.0000000E+00
  -0.1439871E+03   0.0000000E+00
  -0.1438585E+03   0.0000000E+00
  -0.1437299E+03   0.0000000E+00
  -0.1436013E+03   0.0000000E+00
  -0.1434727E+03   0.0000000E+00
  -0.1433441E+03   0.0000000E+00
  -0.1432154E+03   0.0000000E+00
  -0.1430868E+03   0.0000000E+00
  -0.1429582E+03   0.0000000E+00
  -0.1428296E+03   0.0000000E+00
  -0.1427010E+03   0.0000000E+00
  -0.1425723E+03   0.0000000E+00
  -0.1424437E+03   0.0000000E+00
  -0.1423151E+03   0.0000000E+00
  -0.1421865E+03   0.0000000E+00
  -0.1420579E+03   0.0000000E+00
  -0.1419293E+03   0.0000000E+00
  -0.1418006E+03   0.0000000E+00
  -0.1416720E+03   0.0000000E+00
  -0.1415434E+03   0.0000000E+00
  -0.1414148E+03   0.0000000E+00
  -0.1412862E+03   0.0000000E+00
  -0.1411576E+03   0.0000000E+00
  -0.1410289E+03   0.0000000E+00
  -0.1409003E+03   0.0000000E+00
  -0.1407717E+03   0.0000000E+00
  -0.1406431E+03   0.0000000E+00
  -0.1405145E+03   0.0000000E+00
  -0.1403859E+03   0.0000000E+00
  -0.1402572E+03   0.0000000E+00
  -0.1401286E+03   0.0000000E+00
  -0.1400000E+03   0.0000000E+00
  -0.1398714E+03   0.0000000E+00
  -0.1397428E+03   0.0000000E+00
  -0.1396141E+03   0.0000000E+00
  -0.1394855E+03   0.0000000E+00
  -0.1393569E+03   0.0000000E+00
  -0.1392283E+03   0.0000000E+00
  -0.1390997E+03   0.0000000E+00
  -0.1389711E+03   0.0000000E+00
  -0.1388424E+03   0.0000000E+00
  -0.1387138E+03   0.0000000E+00
  -0.1385852E+03   0.0000000E+00
  -0.1384566E+03   0.0000000E+00
  -0.1383280E+03   0.0000000E+00
  -0.1381994E+03   0.0000000E+00
  -0.1380707E+03   0.0000000E+00
  -0.1379421E+03   0.0000000E+00
  -0.1378135E+03   0.0000000E+00
  -0.1376849E+03   0.0000000E+00
  -0.1375563E+03   0.0000000E+00
  -0.1374277E+03   0.0000000E+00
  -0.1372990E+03   0.0000000E+00
  -0.1371704E+03   0.0000000E+00
  -0.1370418E+03   0.0000000E+00
  -0.1369132E+03   0.0000000E+00
  -0.1367846E+03   0.0000000E+00
  -0.1366559E+03   0.0000000E+00
  -0.1365273E+03   0.0000000E+00
  -0.1363987E+03   0.0000000E+00
  -0.1362701E+03   0.0000000E+00
  -0.1361415E+03   0.0000000E+00
  -0.1360129E+03   0.0000000E+00
  -0.1358842E+03   0.0000000E+00
  -0.1357556E+03   0.0000000E+00
  -0.1356270E+03   0.0000000E+00
  -0.1354984E+03   0.0000000E+00
  -0.1353698E+03   0.0000000E+00
  -0.1352412E+03   0.0000000E+00
  -0.1351125E+03   0.0000000E+00
  -0.1349839E+03   0.0000000E+00
  -0.1348553E+03   0.0000000E+00
  -0.1347267E+03   0.0000000E+00
  -0.1345981E+03   0.0000000E+00
  -0.1344695E+03   0.0000000E+00
  -0.1343408E+03   0.0000000E+00
  -0.1342122E+03   0.0000000E+00
  -0.1340836E+03   0.0000000E+00
  -0.1339550E+03   0.0000000E+00
  -0.1338264E+03   0.0000000E+00
  -0.1336977E+03   0.0000000E+00
  -0.1335691E+03   0.0000000E+00
  -0.1334405E+03   0.0000000E+00
  -0.1333119E+03   0.0000000E+00
  -0.1331833E+03   0.0000000E+00
  -0.1330547E+03   0.0000000E+00
  -0.1329260E+03   0.0000000E+00
  -0.1327974E+03   0.0000000E+00
  -0.1326688E+03   0.0000000E+00
  -0.1325402E+03   0.0000000E+00
  -0.1324116E+03   0.0000000E+00
  -0.1322830E+03   0.0000000E+00
  -0.1321543E+03   0.0000000E+00
  -0.1320257E+03   0.0000000E+00
  -0.1318971E+03   0.0000000E+00
  -0.1317685E+03   0.0000000E+00
  -0.1316399E+03   0.0000000E+00
  -0.1315113E+03   0.0000000E+00
  -0.1313826E+03   0.0000000E+00
  -0.1312540E+03   0.0000000E+00
  -0.1311254E+03   0.0000000E+00
  -0.1309968E+03   0.0000000E+00
  -0.1308682E+03   0.0000000E+00
  -0.1307395E+03   0.0000000E+00
  -0.1306109E+03   0.0000000E+00
  -0.1304823E+03   0.0000000E+00
  -0.1303537E+03   0.0000000E+00
  -0.1302251E+03   0.0000000E+00
  -0.1300965E+03   0.0000000E+00
  -0.1299678E+03   0.0000000E+00
  -0.1298392E+03   0.0000000E+00
  -0.1297106E+03   0.0000000E+00
  -0.1295820E+03   0.0000000E+00
  -0.1294534E+03   0.0000000E+00
  -0.1293248E+03   0.0000000E+00
  -0.1291961E+03   0.0000000E+00
  -0.1290675E+03   0.0000000E+00
  -0.1289389E+03   0.0000000E+00
  -0.1288103E+03   0.0000000E+00
  -0.1286817E+03   0.0000000E+00
  -0.1285531E+03   0.0000000E+00
  -0.1284244E+03   0.0000000E+00
  -0.1282958E+03   0.0000000E+00
  -0.1281672E+03   0.0000000E+00
  -0.1280386E+03   0.0000000E+00
  -0.1279100E+03   0.0000000E+00
  -0.1277814E+03   0.0000000E+00
  -0.1276527E+03   0.0000000E+00
  -0.1275241E+03   0.0000000E+00
  -0.1273955E+03   0.0000000E+00
  -0.1272669E+03   0.0000000E+00
  -0.1271383E+03   0.0000000E+00
  -0.1270096E+03   0.0000000E+00
  -0.1268810E+03   0.0000000E+00
  -0.1267524E+03   0.0000000E+00
  -0.1266238E+03   0.0000000E+00
  -0.1264952E+03   0.0000000E+00
  -0.1263666E+03   0.0000000E+00
  -0.1262379E+03   0.0000000E+00
  -0.1261093E+03   0.0000000E+00
  -0.1259807E+03   0.0000000E+00
  -0.1258521E+03   0.0000000E+00
  -0.1257235E+03   0.0000000E+00
  -0.1255949E+03   0.0000000E+00
  -0.1254662E+03   0.0000000E+00
  -0.1253376E+03   0.0000000E+00
  -0.1252090E+03   0.0000000E+00
  -0.1250804E+03   0.0000000E+00
  -0.1249518E+03   0.0000000E+00
  -0.1248232E+03   0.0000000E+00
  -0.1246945E+03   0.0000000E+00
  -0.1245659E+03   0.0000000E+00
  -0.1244373E+03   0.0000000E+00
  -0.1243087E+03   0.0000000E+00
  -0.1241801E+03   0.0000000E+00
  -0.1240514E+03   0.0000000E+00
  -0.1239228E+03   0.0000000E+00
  -0.1237942E+03   0.0000000E+00
  -0.1236656E+03   0.0000000E+00
  -0.1235370E+03   0.0000000E+00
  -0.1234084E+03   0.0000000E+00
  -0.1232797E+03   0.0000000E+00
  -0.1231511E+03   0.0000000E+00
  -0.1230225E+03   0.0000000E+00
  -0.1228939E+03   0.0000000E+00
  -0.1227653E+03   0.0000000E+00
  -0.1226367E+03   0.0000000E+00
  -0.1225080E+03   0.0000000E+00
  -0.1223794E+03   0.0000000E+00
  -0.1222508E+03   0.0000000E+00
  -0.1221222E+03   0.0000000E+00
  -0.1219936E+03   0.0000000E+00
  -0.1218650E+03   0.0000000E+00
  -0.1217363E+03   0.0000000E+00
  -0.1216077E+03   0.0000000E+00
  -0.1214791E+03   0.0000000E+00
  -0.1213505E+03   0.0000000E+00
  -0.1212219E+03   0.0000000E+00
  -0.1210932E+03   0.0000000E+00
  -0.1209646E+03   0.0000000E+00
  -0.1208360E+03   0.0000000E+00
  -0.1207074E+03   0.0000000E+00
  -0.1205788E+03   0.0000000E+00
  -0.1204502E+03   0.0000000E+00
  -0.1203215E+03   0.0000000E+00
  -0.1201929E+03   0.0000000E+00
  -0.1200643E+03   0.0000000E+00
  -0.1199357E+03   0.0000000E+00
  -0.1198071E+03   0.0000000E+00
  -0.1196785E+03   0.0000000E+00
  -0.1195498E+03   0.0000000E+00
  -0.1194212E+03   0.0000000E+00
  -0.1192926E+03   0.0000000E+00
  -0.1191640E+03   0.0000000E+00
  -0.1190354E+03   0.0000000E+00
  -0.1189068E+03   0.0000000E+00
  -0.1187781E+03   0.0000000E+00
  -0.1186495E+03   0.0000000E+00
  -0.1185209E+03   0.0000000E+00
  -0.1183923E+03   0.0000000E+00
  -0.1182637E+03   0.0000000E+00
  -0.1181350E+03   0.0000000E+00
  -0.1180064E+03   0.0000000E+00
  -0.1178778E+03   0.0000000E+00
  -0.1177492E+03   0.0000000E+00
  -0.1176206E+03   0.0000000E+00
  -0.1174920E+03   0.0000000E+00
  -0.1173633E+03   0.0000000E+00
  -0.1172347E+03   0.0000000E+00
  -0.1171061E+03   0.0000000E+00
  -0.1169775E+03   0.0000000E+00
  -0.1168489E+03   0.0000000E+00
  -0.1167203E+03   0.0000000E+00
  -0.1165916E+03   0.0000000E+00
  -0.1164630E+03   0.0000000E+00
  -0.1163344E+03   0.0000000E+00
  -0.1162058E+03   0.0000000E+00
  -0.1160772E+03   0.0000000E+00
  -0.1159486E+03   0.0000000E+00
  -0.1158199E+03   0.0000000E+00
  -0.1156913E+03   0.0000000E+00
  -0.1155627E+03   0.0000000E+00
  -0.1154341E+03   0.0000000E+00
  -0.1153055E+03   0.0000000E+00
  -0.1151768E+03   0.0000000E+00
  -0.1150482E+03   0.0000000E+00
  -0.1149196E+03   0.0000000E+00
  -0.1147910E+03   0.0000000E+00
  -0.1146624E+03   0.0000000E+00
  -0.1145338E+03   0.0000000E+00
  -0.1144051E+03   0.0000000E+00
  -0.1142765E+03   0.0000000E+00
  -0.1141479E+03   0.0000000E+00
  -0.1140193E+03   0.0000000E+00
  -0.1138907E+03   0.0000000E+00
  -0.1137621E+03   0.0000000E+00
  -0.1136334E+03   0.0000000E+00
  -0.1135048E+03   0.0000000E+00
  -0.1133762E+03   0.0000000E+00
  -0.1132476E+03   0.0000000E+00
  -0.1131190E+03   0.0000000E+00
  -0.1129904E+03   0.0000000E+00
  -0.1128617E+03   0.0000000E+00
  -0.1127331E+03   0.0000000E+00
  -0.1126045E+03   0.0000000E+00
  -0.1124759E+03   0.0000000E+00
  -0.1123473E+03   0.0000000E+00
  -0.1122186E+03   0.0000000E+00
  -0.1120900E+03   0.0000000E+00
  -0.1119614E+03   0.0000000E+00
  -0.1118328E+03   0.0000000E+00
  -0.1117042E+03   0.0000000E+00
  -0.1115756E+03   0.0000000E+00
  -0.1114469E+03   0.0000000E+00
  -0.1113183E+03   0.0000000E+00
  -0.1111897E+03   0.0000000E+00
  -0.1110611E+03   0.0000000E+00
  -0.1109325E+03   0.0000000E+00
  -0.1108039E+03   0.0000000E+00
  -0.1106752E+03   0.0000000E+00
  -0.1105466E+03   0.0000000E+00
  -0.1104180E+03   0.0000000E+00
  -0.1102894E+03   0.0000000E+00
  -0.1101608E+03   0.0000000E+00
  -0.1100322E+03   0.0000000E+00
  -0.1099035E+03   0.0000000E+00
  -0.1097749E+03   0.0000000E+00
  -0.1096463E+03   0.0000000E+00
  -0.1095177E+03   0.0000000E+00
  -0.1093891E+03   0.0000000E+00
  -0.1092605E+03   0.0000000E+00
  -0.1091318E+03   0.0000000E+00
  -0.1090032E+03   0.0000000E+00
  -0.1088746E+03   0.0000000E+00
  -0.1087460E+03   0.0000000E+00
  -0.1086174E+03   0.0000000E+00
  -0.1084887E+03   0.0000000E+00
  -0.1083601E+03   0.0000000E+00
  -0.1082315E+03   0.0000000E+00
  -0.1081029E+03   0.0000000E+00
  -0.1079743E+03   0.0000000E+00
  -0.1078457E+03   0.0000000E+00
  -0.1077170E+03   0.0000000E+00
  -0.1075884E+03   0.0000000E+00
  -0.1074598E+03   0.0000000E+00
  -0.1073312E+03   0.0000000E+00
  -0.1072026E+03   0.0000000E+00
  -0.1070740E+03   0.0000000E+00
  -0.1069453E+03   0.0000000E+00
  -0.1068167E+03   0.0000000E+00
  -0.1066881E+03   0.0000000E+00
  -0.1065595E+03   0.0000000E+00
  -0.1064309E+03   0.0000000E+00
  -0.1063023E+03   0.0000000E+00
  -0.1061736E+03   0.0000000E+00
  -0.1060450E+03   0.0000000E+00
  -0.1059164E+03   0.0000000E+00
  -0.1057878E+03   0.0000000E+00
  -0.1056592E+03   0.0000000E+00
  -0.1055305E+03   0.0000000E+00
  -0.1054019E+03   0.0000000E+00
  -0.1052733E+03   0.0000000E+00
  -0.1051447E+03   0.0000000E+00
  -0.1050161E+03   0.0000000E+00
  -0.1048875E+03   0.0000000E+00
  -0.1047588E+03   0.0000000E+00
  -0.1046302E+03   0.0000000E+00
  -0.1045016E+03   0.0000000E+00
  -0.1043730E+03   0.0000000E+00
  -0.1042444E+03   0.0000000E+00
  -0.1041158E+03   0.0000000E+00
  -0.1039871E+03   0.0000000E+00
  -0.1038585E+03   0.0000000E+00
  -0.1037299E+03   0.0000000E+00
  -0.1036013E+03   0.0000000E+00
  -0.1034727E+03   0.0000000E+00
  -0.1033441E+03   0.0000000E+00
  -0.1032154E+03   0.0000000E+00
  -0.1030868E+03   0.0000000E+00
  -0.1029582E+03   0.0000000E+00
  -0.1028296E+03   0.0000000E+00
  -0.1027010E+03   0.0000000E+00
  -0.1025723E+03   0.0000000E+00
  -0.1024437E+03   0.0000000E+00
  -0.1023151E+03   0.0000000E+00
  -0.1021865E+03   0.0000000E+00
  -0.1020579E+03   0.0000000E+00
  -0.1019293E+03   0.0000000E+00
  -0.1018006E+03   0.0000000E+00
  -0.1016720E+03   0.0000000E+00
  -0.1015434E+03   0.0000000E+00
  -0.1014148E+03   0.0000000E+00
  -0.1012862E+03   0.0000000E+00
  -0.1011576E+03   0.0000000E+00
  -0.1010289E+03   0.0000000E+00
  -0.1009003E+03   0.0000000E+00
  -0.1007717E+03   0.0000000E+00
  -0.1006431E+03   0.0000000E+00
  -0.1005145E+03   0.0000000E+00
  -0.1003859E+03   0.0000000E+00
  -0.1002572E+03   0.0000000E+00
  -0.1001286E+03   0.0000000E+00
  -0.1000000E+03   0.0000000E+00
  -0.9987138E+02   0.0000000E+00
  -0.9974277E+02   0.0000000E+00
  -0.9961415E+02   0.0000000E+00
  -0.9948553E+02   0.0000000E+00
  -0.9935691E+02   0.0000000E+00
  -0.9922830E+02   0.0000000E+00
  -0.9909968E+02   0.0000000E+00
  -0.9897106E+02   0.0000000E+00
  -0.9884244E+02   0.0000000E+00
  -0.9871383E+02   0.0000000E+00
  -0.9858521E+02   0.0000000E+00
  -0.9845659E+02   0.0000000E+00
  -0.9832797E+02   0.0000000E+00
  -0.9819936E+02   0.0000000E+00
  -0.9807074E+02   0.0000000E+00
  -0.9794212E+02   0.0000000E+00
  -0.9781350E+02   0.0000000E+00
  -0.9768489E+02   0.0000000E+00
  -0.9755627E+02   0.0000000E+00
  -0.9742765E+02   0.0000000E+00
  -0.9729904E+02   0.0000000E+00
  -0.9717042E+02   0.0000000E+00
  -0.9704180E+02   0.0000000E+00
  -0.9691318E+02   0.0000000E+00
  -0.9678457E+02   0.0000000E+00
  -0.9665595E+02   0.0000000E+00
  -0.9652733E+02   0.0000000E+00
  -0.9639871E+02   0.0000000E+00
  -0.9627010E+02   0.0000000E+00
  -0.9614148E+02   0.0000000E+00
  -0.9601286E+02   0.0000000E+00
  -0.9588424E+02   0.0000000E+00
  -0.9575563E+02   0.0000000E+00
  -0.9562701E+02   0.0000000E+00
  -0.9549839E+02   0.0000000E+00
  -0.9536977E+02   0.0000000E+00
  -0.9524116E+02   0.0000000E+00
  -0.9511254E+02   0.0000000E+00
  -0.9498392E+02   0.0000000E+00
  -0.9485531E+02   0.0000000E+00
  -0.9472669E+02   0.0000000E+00
  -0.9459807E+02   0.0000000E+00
  -0.9446945E+02   0.0000000E+00
  -0.9434084E+02   0.0000000E+00
  -0.9421222E+02   0.0000000E+00
  -0.9408360E+02   0.0000000E+00
  -0.9395498E+02   0.0000000E+00
  -0.9382637E+02   0.0000000E+00
  -0.9369775E+02   0.0000000E+00
  -0.9356913E+02   0.0000000E+00
  -0.9344051E+02   0.0000000E+00
  -0.9331190E+02   0.0000000E+00
  -0.9318328E+02   0.0000000E+00
  -0.9305466E+02   0.0000000E+00
  -0.9292605E+02   0.0000000E+00
  -0.9279743E+02   0.0000000E+00
  -0.9266881E+02   0.0000000E+00
  -0.9254019E+02   0.0000000E+00
  -0.9241158E+02   0.0000000E+00
  -0.9228296E+02   0.0000000E+00
  -0.9215434E+02   0.0000000E+00
  -0.9202572E+02   0.0000000E+00
  -0.9189711E+02   0.0000000E+00
  -0.9176849E+02   0.0000000E+00
  -0.9163987E+02   0.0000000E+00
  -0.9151125E+02   0.0000000E+00
  -0.9138264E+02   0.0000000E+00
  -0.9125402E+02   0.0000000E+00
  -0.9112540E+02   0.0000000E+00
  -0.9099678E+02   0.0000000E+00
  -0.9086817E+02   0.0000000E+00
  -0.9073955E+02   0.0000000E+00
  -0.9061093E+02   0.0000000E+00
  -0.9048232E+02   0.0000000E+00
  -0.9035370E+02   0.0000000E+00
  -0.9022508E+02   0.0000000E+00
  -0.9009646E+02   0.0000000E+00
  -0.8996785E+02   0.0000000E+00
  -0.8983923E+02   0.0000000E+00
  -0.8971061E+02   0.0000000E+00
  -0.8958199E+02   0.0000000E+00
  -0.8945338E+02   0.0000000E+00
  -0.8932476E+02   0.0000000E+00
  -0.8919614E+02   0.0000000E+00
  -0.8906752E+02   0.0000000E+00
  -0.8893891E+02   0.0000000E+00
  -0.8881029E+02   0.0000000E+00
  -0.8868167E+02   0.0000000E+00
  -0.8855305E+02   0.0000000E+00
  -0.8842444E+02   0.0000000E+00
  -0.8829582E+02   0.0000000E+00
  -0.8816720E+02   0.0000000E+00
  -0.8803859E+02   0.0000000E+00
  -0.8790997E+02   0.0000000E+00
  -0.8778135E+02   0.0000000E+00
  -0.8765273E+02   0.0000000E+00
  -0.8752412E+02   0.0000000E+00
  -0.8739550E+02   0.0000000E+00
  -0.8726688E+02   0.0000000E+00
  -0.8713826E+02   0.0000000E+00
  -0.8700965E+02   0.0000000E+00
  -0.8688103E+02   0.0000000E+00
  -0.8675241E+02   0.0000000E+00
  -0.8662379E+02   0.0000000E+00
  -0.8649518E+02   0.0000000E+00
  -0.8636656E+02   0.0000000E+00
  -0.8623794E+02   0.0000000E+00
  -0.8610932E+02   0.0000000E+00
  -0.8598071E+02   0.0000000E+00
  -0.8585209E+02   0.0000000E+00
  -0.8572347E+02   0.0000000E+00
  -0.8559486E+02   0.0000000E+00
  -0.8546624E+02   0.0000000E+00
  -0.8533762E+02   0.0000000E+00
  -0.8520900E+02   0.0000000E+00
  -0.8508039E+02   0.0000000E+00
  -0.8495177E+02   0.0000000E+00
  -0.8482315E+02   0.0000000E+00
  -0.8469453E+02   0.0000000E+00
  -0.8456592E+02   0.0000000E+00
  -0.8443730E+02   0.0000000E+00
  -0.8430868E+02   0.0000000E+00
  -0.8418006E+02   0.0000000E+00
  -0.8405145E+02   0.0000000E+00
  -0.8392283E+02   0.0000000E+00
  -0.8379421E+02   0.0000000E+00
  -0.8366559E+02   0.0000000E+00
  -0.8353698E+02   0.0000000E+00
  -0.8340836E+02   0.0000000E+00
  -0.8327974E+02   0.0000000E+00
  -0.8315113E+02   0.0000000E+00
  -0.8302251E+02   0.0000000E+00
  -0.8289389E+02   0.0000000E+00
  -0.8276527E+02   0.0000000E+00
  -0.8263666E+02   0.0000000E+00
  -0.8250804E+02   0.0000000E+00
  -0.8237942E+02   0.0000000E+00
  -0.8225080E+02   0.0000000E+00
  -0.8212219E+02   0.0000000E+00
  -0.8199357E+02   0.0000000E+00
  -0.8186495E+02   0.0000000E+00
  -0.8173633E+02   0.0000000E+00
  -0.8160772E+02   0.0000000E+00
  -0.8147910E+02   0.0000000E+00
  -0.8135048E+02   0.0000000E+00
  -0.8122186E+02   0.0000000E+00
  -0.8109325E+02   0.0000000E+00
  -0.8096463E+02   0.0000000E+00
  -0.8083601E+02   0.0000000E+00
  -0.8070740E+02   0.0000000E+00
  -0.8057878E+02   0.0000000E+00
  -0.8045016E+02   0.0000000E+00
  -0.8032154E+02   0.0000000E+00
  -0.8019293E+02   0.0000000E+00
  -0.8006431E+02   0.0000000E+00
  -0.7993569E+02   0.0000000E+00
  -0.7980707E+02   0.0000000E+00
  -0.7967846E+02   0.0000000E+00
  -0.7954984E+02   0.0000000E+00
  -0.7942122E+02   0.0000000E+00
  -0.7929260E+02   0.0000000E+00
  -0.7916399E+02   0.0000000E+00
  -0.7903537E+02   0.0000000E+00
  -0.7890675E+02   0.0000000E+00
  -0.7877814E+02   0.0000000E+00
  -0.7864952E+02   0.0000000E+00
  -0.7852090E+02   0.0000000E+00
  -0.7839228E+02   0.0000000E+00
  -0.7826367E+02   0.0000000E+00
  -0.7813505E+02   0.0000000E+00
  -0.7800643E+02   0.0000000E+00
  -0.7787781E+02   0.0000000E+00
  -0.7774920E+02   0.0000000E+00
  -0.7762058E+02   0.0000000E+00
  -0.7749196E+02   0.0000000E+00
  -0.7736334E+02   0.0000000E+00
  -0.7723473E+02   0.0000000E+00
  -0.7710611E+02   0.0000000E+00
  -0.7697749E+02   0.0000000E+00
  -0.7684887E+02   0.0000000E+00
  -0.7672026E+02   0.0000000E+00
  -0.7659164E+02   0.0000000E+00
  -0.7646302E+02   0.0000000E+00
  -0.7633441E+02   0.0000000E+00
  -0.7620579E+02   0.0000000E+00
  -0.7607717E+02   0.0000000E+00
  -0.7594855E+02   0.0000000E+00
  -0.7581994E+02   0.0000000E+00
  -0.7569132E+02   0.0000000E+00
  -0.7556270E+02   0.0000000E+00
  -0.7543408E+02   0.0000000E+00
  -0.7530547E+02   0.0000000E+00
  -0.7517685E+02   0.0000000E+00
  -0.7504823E+02   0.0000000E+00
  -0.7491961E+02   0.0000000E+00
  -0.7479100E+02   0.0000000E+00
  -0.7466238E+02   0.0000000E+00
  -0.7453376E+02   0.0000000E+00
  -0.7440514E+02   0.0000000E+00
  -0.7427653E+02   0.0000000E+00
  -0.7414791E+02   0.0000000E+00
  -0.7401929E+02   0.0000000E+00
  -0.7389068E+02   0.0000000E+00
  -0.7376206E+02   0.0000000E+00
  -0.7363344E+02   0.0000000E+00
  -0.7350482E+02   0.0000000E+00
  -0.7337621E+02   0.0000000E+00
  -0.7324759E+02   0.0000000E+00
  -0.7311897E+02   0.0000000E+00
  -0.7299035E+02   0.0000000E+00
  -0.7286174E+02   0.0000000E+00
  -0.7273312E+02   0.0000000E+00
  -0.7260450E+02   0.0000000E+00
  -0.7247588E+02   0.0000000E+00
  -0.7234727E+02   0.0000000E+00
  -0.7221865E+02   0.0000000E+00
  -0.7209003E+02   0.0000000E+00
  -0.7196141E+02   0.0000000E+00
  -0.7183280E+02   0.0000000E+00
  -0.7170418E+02   0.0000000E+00
  -0.7157556E+02   0.0000000E+00
  -0.7144695E+02   0.0000000E+00
  -0.7131833E+02   0.0000000E+00
  -0.7118971E+02   0.0000000E+00
  -0.7106109E+02   0.0000000E+00
  -0.7093248E+02   0.0000000E+00
  -0.7080386E+02   0.0000000E+00
  -0.7067524E+02   0.0000000E+00
  -0.7054662E+02   0.0000000E+00
  -0.7041801E+02   0.0000000E+00
  -0.7028939E+02   0.0000000E+00
  -0.7016077E+02   0.0000000E+00
  -0.7003215E+02   0.0000000E+00
  -0.6990354E+02   0.0000000E+00
  -0.6977492E+02   0.0000000E+00
  -0.6964630E+02   0.0000000E+00
  -0.6951768E+02   0.0000000E+00
  -0.6938907E+02   0.0000000E+00
  -0.6926045E+02   0.0000000E+00
  -0.6913183E+02   0.0000000E+00
  -0.6900322E+02   0.0000000E+00
  -0.6887460E+02   0.0000000E+00
  -0.6874598E+02   0.0000000E+00
  -0.6861736E+02   0.0000000E+00
  -0.6848875E+02   0.0000000E+00
  -0.6836013E+02   0.0000000E+00
  -0.6823151E+02   0.0000000E+00
  -0.6810289E+02   0.0000000E+00
  -0.6797428E+02   0.0000000E+00
  -0.6784566E+02   0.0000000E+00
  -0.6771704E+02   0.0000000E+00
  -0.6758842E+02   0.0000000E+00
  -0.6745981E+02   0.0000000E+00
  -0.6733119E+02   0.0000000E+00
  -0.6720257E+02   0.0000000E+00
  -0.6707395E+02   0.0000000E+00
  -0.6694534E+02   0.0000000E+00
  -0.6681672E+02   0.0000000E+00
  -0.6668810E+02   0.0000000E+00
  -0.6655949E+02   0.0000000E+00
  -0.6643087E+02   0.0000000E+00
  -0.6630225E+02   0.0000000E+00
  -0.6617363E+02   0.0000000E+00
  -0.6604502E+02   0.0000000E+00
  -0.6591640E+02   0.0000000E+00
  -0.6578778E+02   0.0000000E+00
  -0.6565916E+02   0.0000000E+00
  -0.6553055E+02   0.0000000E+00
  -0.6540193E+02   0.0000000E+00
  -0.6527331E+02   0.0000000E+00
  -0.6514469E+02   0.0000000E+00
  -0.6501608E+02   0.0000000E+00
  -0.6488746E+02   0.0000000E+00
  -0.6475884E+02   0.0000000E+00
  -0.6463023E+02   0.0000000E+00
  -0.6450161E+02   0.0000000E+00
  -0.6437299E+02   0.0000000E+00
  -0.6424437E+02   0.0000000E+00
  -0.6411576E+02   0.0000000E+00
  -0.6398714E+02   0.0000000E+00
  -0.6385852E+02   0.0000000E+00
  -0.6372990E+02   0.0000000E+00
  -0.6360129E+02   0.0000000E+00
  -0.6347267E+02   0.0000000E+00
  -0.6334405E+02   0.0000000E+00
  -0.6321543E+02   0.0000000E+00
  -0.6308682E+02   0.0000000E+00
  -0.6295820E+02   0.0000000E+00
  -0.6282958E+02   0.0000000E+00
  -0.6270096E+02   0.0000000E+00
  -0.6257235E+02   0.0000000E+00
  -0.6244373E+02   0.0000000E+00
  -0.6231511E+02   0.0000000E+00
  -0.6218650E+02   0.0000000E+00
  -0.6205788E+02   0.0000000E+00
  -0.6192926E+02   0.0000000E+00
  -0.6180064E+02   0.0000000E+00
  -0.6167203E+02   0.0000000E+00
  -0.6154341E+02   0.0000000E+00
  -0.6141479E+02   0.0000000E+00
  -0.6128617E+02   0.0000000E+00
  -0.6115756E+02   0.0000000E+00
  -0.6102894E+02   0.0000000E+00
  -0.6090032E+02   0.0000000E+00
  -0.6077170E+02   0.0000000E+00
  -0.6064309E+02   0.0000000E+00
  -0.6051447E+02   0.0000000E+00
  -0.6038585E+02   0.0000000E+00
  -0.6025723E+02   0.0000000E+00
  -0.6012862E+02   0.0000000E+00
  -0.6000000E+02   0.0000000E+00
  -0.5987138E+02   0.0000000E+00
  -0.5974277E+02   0.0000000E+00
  -0.5961415E+02   0.0000000E+00
  -0.5948553E+02   0.0000000E+00
  -0.5935691E+02   0.0000000E+00
  -0.5922830E+02   0.0000000E+00
  -0.5909968E+02   0.0000000E+00
  -0.5897106E+02   0.0000000E+00
  -0.5884244E+02   0.0000000E+00
  -0.5871383E+02   0.0000000E+00
  -0.5858521E+02   0.0000000E+00
  -0.5845659E+02   0.0000000E+00
  -0.5832797E+02   0.0000000E+00
  -0.5819936E+02   0.0000000E+00
  -0.5807074E+02   0.0000000E+00
  -0.5794212E+02   0.0000000E+00
  -0.5781350E+02   0.0000000E+00
  -0.5768489E+02   0.0000000E+00
  -0.5755627E+02   0.0000000E+00
  -0.5742765E+02   0.0000000E+00
  -0.5729904E+02   0.0000000E+00
  -0.5717042E+02   0.0000000E+00
  -0.5704180E+02   0.0000000E+00
  -0.5691318E+02   0.0000000E+00
  -0.5678457E+02   0.0000000E+00
  -0.5665595E+02   0.0000000E+00
  -0.5652733E+02   0.0000000E+00
  -0.5639871E+02   0.0000000E+00
  -0.5627010E+02   0.0000000E+00
  -0.5614148E+02   0.0000000E+00
  -0.5601286E+02   0.0000000E+00
  -0.5588424E+02   0.0000000E+00
  -0.5575563E+02   0.0000000E+00
  -0.5562701E+02   0.0000000E+00
  -0.5549839E+02   0.0000000E+00
  -0.5536977E+02   0.0000000E+00
  -0.5524116E+02   0.0000000E+00
  -0.5511254E+02   0.0000000E+00
  -0.5498392E+02   0.0000000E+00
  -0.5485531E+02   0.0000000E+00
  -0.5472669E+02   0.0000000E+00
  -0.5459807E+02   0.0000000E+00
  -0.5446945E+02   0.0000000E+00
  -0.5434084E+02   0.0000000E+00
  -0.5421222E+02   0.0000000E+00
  -0.5408360E+02   0.0000000E+00
  -0.5395498E+02   0.0000000E+00
  -0.5382637E+02   0.0000000E+00
  -0.5369775E+02   0.0000000E+00
  -0.5356913E+02   0.0000000E+00
  -0.5344051E+02   0.0000000E+00
  -0.5331190E+02   0.0000000E+00
  -0.5318328E+02   0.0000000E+00
  -0.5305466E+02   0.0000000E+00
  -0.5292605E+02   0.0000000E+00
  -0.5279743E+02   0.0000000E+00
  -0.5266881E+02   0.0000000E+00
  -0.5254019E+02   0.0000000E+00
  -0.5241158E+02   0.0000000E+00
  -0.5228296E+02   0.0000000E+00
  -0.5215434E+02   0.0000000E+00
  -0.5202572E+02   0.0000000E+00
  -0.5189711E+02   0.0000000E+00
  -0.5176849E+02   0.0000000E+00
  -0.5163987E+02   0.0000000E+00
  -0.5151125E+02   0.0000000E+00
  -0.5138264E+02   0.0000000E+00
  -0.5125402E+02   0.0000000E+00
  -0.5112540E+02   0.0000000E+00
  -0.5099678E+02   0.0000000E+00
  -0.5086817E+02   0.0000000E+00
  -0.5073955E+02   0.0000000E+00
  -0.5061093E+02   0.0000000E+00
  -0.5048232E+02   0.0000000E+00
  -0.5035370E+02   0.0000000E+00
  -0.5022508E+02   0.0000000E+00
  -0.5009646E+02   0.0000000E+00
  -0.4996785E+02   0.0000000E+00
  -0.4983923E+02   0.0000000E+00
  -0.4971061E+02   0.0000000E+00
  -0.4958199E+02   0.0000000E+00
  -0.4945338E+02   0.0000000E+00
  -0.4932476E+02   0.0000000E+00
  -0.4919614E+02   0.0000000E+00
  -0.4906752E+02   0.0000000E+00
  -0.4893891E+02   0.0000000E+00
  -0.4881029E+02   0.0000000E+00
  -0.4868167E+02   0.0000000E+00
  -0.4855305E+02   0.0000000E+00
  -0.4842444E+02   0.0000000E+00
  -0.4829582E+02   0.0000000E+00
  -0.4816720E+02   0.0000000E+00
  -0.4803859E+02   0.0000000E+00
  -0.4790997E+02   0.0000000E+00
  -0.4778135E+02   0.0000000E+00
  -0.4765273E+02   0.0000000E+00
  -0.4752412E+02   0.0000000E+00
  -0.4739550E+02   0.0000000E+00
  -0.4726688E+02   0.0000000E+00
  -0.4713826E+02   0.0000000E+00
  -0.4700965E+02   0.0000000E+00
  -0.4688103E+02   0.0000000E+00
  -0.4675241E+02   0.0000000E+00
  -0.4662379E+02   0.0000000E+00
  -0.4649518E+02   0.0000000E+00
  -0.4636656E+02   0.0000000E+00
  -0.4623794E+02   0.0000000E+00
  -0.4610932E+02   0.0000000E+00
  -0.4598071E+02   0.0000000E+00
  -0.4585209E+02   0.0000000E+00
  -0.4572347E+02   0.0000000E+00
  -0.4559486E+02   0.0000000E+00
  -0.4546624E+02   0.0000000E+00
  -0.4533762E+02   0.0000000E+00
  -0.4520900E+02   0.0000000E+00
  -0.4508039E+02   0.0000000E+00
  -0.4495177E+02   0.0000000E+00
  -0.4482315E+02   0.0000000E+00
  -0.4469453E+02   0.0000000E+00
  -0.4456592E+02   0.0000000E+00
  -0.4443730E+02   0.0000000E+00
  -0.4430868E+02   0.0000000E+00
  -0.4418006E+02   0.0000000E+00
  -0.4405145E+02   0.0000000E+00
  -0.4392283E+02   0.0000000E+00
  -0.4379421E+02   0.0000000E+00
  -0.4366559E+02   0.0000000E+00
  -0.4353698E+02   0.0000000E+00
  -0.4340836E+02   0.0000000E+00
  -0.4327974E+02   0.0000000E+00
  -0.4315113E+02   0.0000000E+00
  -0.4302251E+02   0.0000000E+00
  -0.4289389E+02   0.0000000E+00
  -0.4276527E+02   0.0000000E+00
  -0.4263666E+02   0.0000000E+00
  -0.4250804E+02   0.0000000E+00
  -0.4237942E+02   0.0000000E+00
  -0.4225080E+02   0.0000000E+00
  -0.4212219E+02   0.0000000E+00
  -0.4199357E+02   0.0000000E+00
  -0.4186495E+02   0.0000000E+00
  -0.4173633E+02   0.0000000E+00
  -0.4160772E+02   0.0000000E+00
  -0.4147910E+02   0.0000000E+00
  -0.4135048E+02   0.0000000E+00
  -0.4122186E+02   0.0000000E+00
  -0.4109325E+02   0.0000000E+00
  -0.4096463E+02   0.0000000E+00
  -0.4083601E+02   0.0000000E+00
  -0.4070740E+02   0.0000000E+00
  -0.4057878E+02   0.0000000E+00
  -0.4045016E+02   0.0000000E+00
  -0.4032154E+02   0.0000000E+00
  -0.4019293E+02   0.0000000E+00
  -0.4006431E+02   0.0000000E+00
  -0.3993569E+02   0.0000000E+00
  -0.3980707E+02   0.0000000E+00
  -0.3967846E+02   0.0000000E+00
  -0.3954984E+02   0.0000000E+00
  -0.3942122E+02   0.0000000E+00
  -0.3929260E+02   0.0000000E+00
  -0.3916399E+02   0.0000000E+00
  -0.3903537E+02   0.0000000E+00
  -0.3890675E+02   0.0000000E+00
  -0.3877814E+02   0.0000000E+00
  -0.3864952E+02   0.0000000E+00
  -0.3852090E+02   0.0000000E+00
  -0.3839228E+02   0.0000000E+00
  -0.3826367E+02   0.0000000E+00
  -0.3813505E+02   0.0000000E+00
  -0.3800643E+02   0.0000000E+00
  -0.3787781E+02   0.0000000E+00
  -0.3774920E+02   0.0000000E+00
  -0.3762058E+02   0.0000000E+00
  -0.3749196E+02   0.0000000E+00
  -0.3736334E+02   0.0000000E+00
  -0.3723473E+02   0.0000000E+00
  -0.3710611E+02   0.0000000E+00
  -0.3697749E+02   0.0000000E+00
  -0.3684887E+02   0.0000000E+00
  -0.3672026E+02   0.0000000E+00
  -0.3659164E+02   0.0000000E+00
  -0.3646302E+02   0.0000000E+00
  -0.3633441E+02   0.0000000E+00
  -0.3620579E+02   0.0000000E+00
  -0.3607717E+02   0.0000000E+00
  -0.3594855E+02   0.0000000E+00
  -0.3581994E+02   0.0000000E+00
  -0.3569132E+02   0.0000000E+00
  -0.3556270E+02   0.0000000E+00
  -0.3543408E+02   0.0000000E+00
  -0.3530547E+02   0.0000000E+00
  -0.3517685E+02   0.0000000E+00
  -0.3504823E+02   0.0000000E+00
  -0.3491961E+02   0.0000000E+00
  -0.3479100E+02   0.0000000E+00
  -0.3466238E+02   0.0000000E+00
  -0.3453376E+02   0.0000000E+00
  -0.3440514E+02   0.0000000E+00
  -0.3427653E+02   0.0000000E+00
  -0.3414791E+02   0.0000000E+00
  -0.3401929E+02   0.0000000E+00
  -0.3389068E+02   0.0000000E+00
  -0.3376206E+02   0.0000000E+00
  -0.3363344E+02   0.0000000E+00
  -0.3350482E+02   0.0000000E+00
  -0.3337621E+02   0.0000000E+00
  -0.3324759E+02   0.0000000E+00
  -0.3311897E+02   0.0000000E+00
  -0.3299035E+02   0.0000000E+00
  -0.3286174E+02   0.0000000E+00
  -0.3273312E+02   0.0000000E+00
  -0.3260450E+02   0.0000000E+00
  -0.3247588E+02   0.0000000E+00
  -0.3234727E+02   0.0000000E+00
  -0.3221865E+02   0.0000000E+00
  -0.3209003E+02   0.0000000E+00
  -0.3196141E+02   0.0000000E+00
  -0.3183280E+02   0.0000000E+00
  -0.3170418E+02   0.0000000E+00
  -0.3157556E+02   0.0000000E+00
  -0.3144695E+02   0.0000000E+00
  -0.3131833E+02   0.0000000E+00
  -0.3118971E+02   0.0000000E+00
  -0.3106109E+02   0.0000000E+00
  -0.3093248E+02   0.0000000E+00
  -0.3080386E+02   0.0000000E+00
  -0.3067524E+02   0.0000000E+00
  -0.3054662E+02   0.0000000E+00
  -0.3041801E+02   0.0000000E+00
  -0.3028939E+02   0.0000000E+00
  -0.3016077E+02   0.0000000E+00
  -0.3003215E+02   0.0000000E+00
  -0.2990354E+02   0.0000000E+00
  -0.2977492E+02   0.0000000E+00
  -0.2964630E+02   0.0000000E+00
  -0.2951768E+02   0.0000000E+00
  -0.2938907E+02   0.0000000E+00
  -0.2926045E+02   0.0000000E+00
  -0.2913183E+02   0.0000000E+00
  -0.2900322E+02   0.0000000E+00
  -0.2887460E+02   0.0000000E+00
  -0.2874598E+02   0.0000000E+00
  -0.2861736E+02   0.0000000E+00
  -0.2848875E+02   0.0000000E+00
  -0.2836013E+02   0.0000000E+00
  -0.2823151E+02   0.0000000E+00
  -0.2810289E+02   0.0000000E+00
  -0.2797428E+02   0.0000000E+00
  -0.2784566E+02   0.0000000E+00
  -0.2771704E+02   0.0000000E+00
  -0.2758842E+02   0.0000000E+00
  -0.2745981E+02   0.0000000E+00
  -0.2733119E+02   0.0000000E+00
  -0.2720257E+02   0.0000000E+00
  -0.2707395E+02   0.0000000E+00
  -0.2694534E+02   0.0000000E+00
  -0.2681672E+02   0.0000000E+00
  -0.2668810E+02   0.0000000E+00
  -0.2655949E+02   0.0000000E+00
  -0.2643087E+02   0.0000000E+00
  -0.2630225E+02   0.0000000E+00
  -0.2617363E+02   0.0000000E+00
  -0.2604502E+02   0.0000000E+00
  -0.2591640E+02   0.0000000E+00
  -0.2578778E+02   0.0000000E+00
  -0.2565916E+02   0.0000000E+00
  -0.2553055E+02   0.0000000E+00
  -0.2540193E+02   0.0000000E+00
  -0.2527331E+02   0.0000000E+00
  -0.2514469E+02   0.0000000E+00
  -0.2501608E+02   0.0000000E+00
  -0.2488746E+02   0.0000000E+00
  -0.2475884E+02   0.0000000E+00
  -0.2463023E+02   0.0000000E+00
  -0.2450161E+02   0.0000000E+00
  -0.2437299E+02   0.0000000E+00
  -0.2424437E+02   0.0000000E+00
  -0.2411576E+02   0.0000000E+00
  -0.2398714E+02   0.0000000E+00
  -0.2385852E+02   0.0000000E+00
  -0.2372990E+02   0.0000000E+00
  -0.2360129E+02   0.0000000E+00
  -0.2347267E+02   0.0000000E+00
  -0.2334405E+02   0.0000000E+00
  -0.2321543E+02   0.0000000E+00
  -0.2308682E+02   0.0000000E+00
  -0.2295820E+02   0.0000000E+00
  -0.2282958E+02   0.0000000E+00
  -0.2270096E+02   0.0000000E+00
  -0.2257235E+02   0.0000000E+00
  -0.2244373E+02   0.0000000E+00
  -0.2231511E+02   0.0000000E+00
  -0.2218650E+02   0.0000000E+00
  -0.2205788E+02   0.0000000E+00
  -0.2192926E+02   0.0000000E+00
  -0.2180064E+02   0.0000000E+00
  -0.2167203E+02   0.0000000E+00
  -0.2154341E+02   0.0000000E+00
  -0.2141479E+02   0.0000000E+00
  -0.2128617E+02   0.0000000E+00
  -0.2115756E+02   0.0000000E+00
  -0.2102894E+02   0.0000000E+00
  -0.2090032E+02   0.0000000E+00
  -0.2077170E+02   0.0000000E+00
  -0.2064309E+02   0.0000000E+00
  -0.2051447E+02   0.0000000E+00
  -0.2038585E+02   0.0000000E+00
  -0.2025723E+02   0.0000000E+00
  -0.2012862E+02   0.0000000E+00
  -0.2000000E+02   0.0000000E+00
  -0.1987138E+02   0.0000000E+00
  -0.1974277E+02   0.0000000E+00
  -0.1961415E+02   0.0000000E+00
  -0.1948553E+02   0.0000000E+00
  -0.1935691E+02   0.0000000E+00
  -0.1922830E+02   0.0000000E+00
  -0.1909968E+02   0.0000000E+00
  -0.1897106E+02   0.0000000E+00
  -0.1884244E+02   0.0000000E+00
  -0.1871383E+02   0.0000000E+00
  -0.1858521E+02   0.0000000E+00
  -0.1845659E+02   0.0000000E+00
  -0.1832797E+02   0.0000000E+00
  -0.1819936E+02   0.0000000E+00
  -0.1807074E+02   0.0000000E+00
  -0.1794212E+02   0.0000000E+00
  -0.1781350E+02   0.0000000E+00
  -0.1768489E+02   0.0000000E+00
  -0.1755627E+02   0.0000000E+00
  -0.1742765E+02   0.0000000E+00
  -0.1729904E+02   0.0000000E+00
  -0.1717042E+02   0.0000000E+00
  -0.1704180E+02   0.0000000E+00
  -0.1691318E+02   0.0000000E+00
  -0.1678457E+02   0.0000000E+00
  -0.1665595E+02   0.0000000E+00
  -0.1652733E+02   0.0000000E+00
  -0.1639871E+02   0.0000000E+00
  -0.1627010E+02   0.0000000E+00
  -0.1614148E+02   0.0000000E+00
  -0.1601286E+02   0.0000000E+00
  -0.1588424E+02   0.0000000E+00
  -0.1575563E+02   0.0000000E+00
  -0.1562701E+02   0.0000000E+00
  -0.1549839E+02   0.0000000E+00
  -0.1536977E+02   0.0000000E+00
  -0.1524116E+02   0.0000000E+00
  -0.1511254E+02   0.0000000E+00
  -0.1498392E+02   0.0000000E+00
  -0.1485531E+02   0.0000000E+00
  -0.1472669E+02   0.0000000E+00
  -0.1459807E+02   0.0000000E+00
  -0.1446945E+02   0.0000000E+00
  -0.1434084E+02   0.0000000E+00
  -0.1421222E+02   0.0000000E+00
  -0.1408360E+02   0.0000000E+00
  -0.1395498E+02   0.0000000E+00
  -0.1382637E+02   0.0000000E+00
  -0.1369775E+02   0.0000000E+00
  -0.1356913E+02   0.0000000E+00
  -0.1344051E+02   0.0000000E+00
  -0.1331190E+02   0.0000000E+00
  -0.1318328E+02   0.0000000E+00
  -0.1305466E+02   0.0000000E+00
  -0.1292605E+02   0.0000000E+00
  -0.1279743E+02   0.0000000E+00
  -0.1266881E+02   0.0000000E+00
  -0.1254019E+02   0.0000000E+00
  -0.1241158E+02   0.0000000E+00
  -0.1228296E+02   0.0000000E+00
  -0.1215434E+02   0.0000000E+00
  -0.1202572E+02   0.0000000E+00
  -0.1189711E+02   0.0000000E+00
  -0.1176849E+02   0.0000000E+00
  -0.1163987E+02   0.0000000E+00
  -0.1151125E+02   0.0000000E+00
  -0.1138264E+02   0.0000000E+00
  -0.1125402E+02   0.0000000E+00
  -0.1112540E+02   0.0000000E+00
  -0.1099678E+02   0.0000000E+00
  -0.1086817E+02   0.0000000E+00
  -0.1073955E+02   0.0000000E+00
  -0.1061093E+02   0.0000000E+00
  -0.1048232E+02   0.0000000E+00
  -0.1035370E+02   0.0000000E+00
  -0.1022508E+02   0.0000000E+00
  -0.1009646E+02   0.0000000E+00
  -0.9967846E+01   0.0000000E+00
  -0.9839228E+01   0.0000000E+00
  -0.9710611E+01   0.0000000E+00
  -0.9581994E+01   0.0000000E+00
  -0.9453376E+01   0.0000000E+00
  -0.9324759E+01   0.0000000E+00
  -0.9196141E+01   0.0000000E+00
  -0.9067524E+01   0.0000000E+00
  -0.8938907E+01   0.0000000E+00
  -0.8810289E+01   0.0000000E+00
  -0.8681672E+01   0.0000000E+00
  -0.8553055E+01   0.0000000E+00
  -0.8424437E+01   0.0000000E+00
  -0.8295820E+01   0.0000000E+00
  -0.8167203E+01   0.0000000E+00
  -0.8038585E+01   0.0000000E+00
  -0.7909968E+01   0.0000000E+00
  -0.7781350E+01   0.0000000E+00
  -0.7652733E+01   0.0000000E+00
  -0.7524116E+01   0.0000000E+00
  -0.7395498E+01   0.0000000E+00
  -0.7266881E+01   0.0000000E+00
  -0.7138264E+01   0.0000000E+00
  -0.7009646E+01   0.0000000E+00
  -0.6881029E+01   0.0000000E+00
  -0.6752412E+01   0.0000000E+00
  -0.6623794E+01   0.0000000E+00
  -0.6495177E+01   0.0000000E+00
  -0.6366559E+01   0.0000000E+00
  -0.6237942E+01   0.0000000E+00
  -0.6109325E+01   0.0000000E+00
  -0.5980707E+01   0.0000000E+00
  -0.5852090E+01   0.0000000E+00
  -0.5723473E+01   0.0000000E+00
  -0.5594855E+01   0.0000000E+00
  -0.5466238E+01   0.0000000E+00
  -0.5337621E+01   0.0000000E+00
  -0.5209003E+01   0.0000000E+00
  -0.5080386E+01   0.0000000E+00
  -0.4951768E+01   0.0000000E+00
  -0.4823151E+01   0.0000000E+00
  -0.4694534E+01   0.0000000E+00
  -0.4565916E+01   0.0000000E+00
  -0.4437299E+01   0.0000000E+00
  -0.4308682E+01   0.0000000E+00
  -0.4180064E+01   0.0000000E+00
  -0.4051447E+01   0.0000000E+00
  -0.3922830E+01   0.0000000E+00
  -0.3794212E+01   0.0000000E+00
  -0.3665595E+01   0.0000000E+00
  -0.3536977E+01   0.0000000E+00
  -0.3408360E+01   0.0000000E+00
  -0.3279743E+01   0.0000000E+00
  -0.3151125E+01   0.0000000E+00
  -0.3022508E+01   0.0000000E+00
  -0.2893891E+01   0.0000000E+00
  -0.2765273E+01   0.0000000E+00
  -0.2636656E+01   0.0000000E+00
  -0.2508039E+01   0.0000000E+00
  -0.2379421E+01   0.0000000E+00
  -0.2250804E+01   0.0000000E+00
  -0.2122186E+01   0.0000000E+00
  -0.1993569E+01   0.0000000E+00
  -0.1864952E+01   0.0000000E+00
  -0.1736334E+01   0.0000000E+00
  -0.1607717E+01   0.0000000E+00
  -0.1479100E+01   0.0000000E+00
  -0.1350482E+01   0.0000000E+00
  -0.1221865E+01   0.0000000E+00
  -0.1093248E+01   0.0000000E+00
  -0.9646302E+00   0.0000000E+00
  -0.8360129E+00   0.0000000E+00
  -0.7073955E+00   0.0000000E+00
  -0.5787781E+00   0.0000000E+00
  -0.4501608E+00   0.0000000E+00
  -0.3215434E+00   0.0000000E+00
  -0.1929260E+00   0.0000000E+00
  -0.6430868E-01   0.0000000E+00
   0.6430868E-01   0.0000000E+00
   0.1929260E+00   0.0000000E+00
   0.3215434E+00   0.0000000E+00
   0.4501608E+00   0.0000000E+00
   0.5787781E+00   0.0000000E+00
   0.7073955E+00   0.0000000E+00
   0.8360129E+00   0.0000000E+00
   0.9646302E+00   0.0000000E+00
   0.1093248E+01   0.0000000E+00
   0.1221865E+01   0.0000000E+00
   0.1350482E+01   0.0000000E+00
   0.1479100E+01   0.0000000E+00
   0.1607717E+01   0.0000000E+00
   0.1736334E+01   0.0000000E+00
   0.1864952E+01   0.0000000E+00
   0.1993569E+01   0.0000000E+00
   0.2122186E+01   0.0000000E+00
   0.2250804E+01   0.0000000E+00
   0.2379421E+01   0.0000000E+00
   0.2508039E+01   0.0000000E+00
   0.2636656E+01   0.0000000E+00
   0.2765273E+01   0.0000000E+00
   0.2893891E+01   0.0000000E+00
   0.3022508E+01   0.0000000E+00
   0.3151125E+01   0.0000000E+00
   0.3279743E+01   0.0000000E+00
   0.3408360E+01   0.0000000E+00
   0.3536977E+01   0.0000000E+00
   0.3665595E+01   0.0000000E+00
   0.3794212E+01   0.0000000E+00
   0.3922830E+01   0.0000000E+00
   0.4051447E+01   0.0000000E+00
   0.4180064E+01   0.0000000E+00
   0.4308682E+01   0.0000000E+00
   0.4437299E+01   0.0000000E+00
   0.4565916E+01   0.0000000E+00
   0.4694534E+01   0.0000000E+00
   0.4823151E+01   0.0000000E+00
   0.4951768E+01   0.0000000E+00
   0.5080386E+01   0.0000000E+00
   0.5209003E+01   0.0000000E+00
   0.5337621E+01   0.0000000E+00
   0.5466238E+01   0.0000000E+00
   0.5594855E+01   0.0000000E+00
   0.5723473E+01   0.0000000E+00
   0.5852090E+01   0.0000000E+00
   0.5980707E+01   0.0000000E+00
   0.6109325E+01   0.0000000E+00
   0.6237942E+01   0.0000000E+00
   0.6366559E+01   0.0000000E+00
   0.6495177E+01   0.0000000E+00
   0.6623794E+01   0.0000000E+00
   0.6752412E+01   0.0000000E+00
   0.6881029E+01   0.0000000E+00
   0.7009646E+01   0.0000000E+00
   0.7138264E+01   0.0000000E+00
   0.7266881E+01   0.0000000E+00
   0.7395498E+01   0.0000000E+00
   0.7524116E+01   0.0000000E+00
   0.7652733E+01   0.0000000E+00
   0.7781350E+01   0.0000000E+00
   0.7909968E+01   0.0000000E+00
   0.8038585E+01   0.0000000E+00
   0.8167203E+01   0.0000000E+00
   0.8295820E+01   0.0000000E+00
   0.8424437E+01   0.0000000E+00
   0.8553055E+01   0.0000000E+00
   0.8681672E+01   0.0000000E+00
   0.8810289E+01   0.0000000E+00
   0.8938907E+01   0.0000000E+00
   0.9067524E+01   0.0000000E+00
   0.9196141E+01   0.0000000E+00
   0.9324759E+01   0.0000000E+00
   0.9453376E+01   0.0000000E+00
   0.9581994E+01   0.0000000E+00
   0.9710611E+01   0.0000000E+00
   0.9839228E+01   0.0000000E+00
   0.9967846E+01   0.0000000E+00
   0.1009646E+02   0.0000000E+00
   0.1022508E+02   0.0000000E+00
   0.1035370E+02   0.0000000E+00
   0.1048232E+02   0.0000000E+00
   0.1061093E+02   0.0000000E+00
   0.1073955E+02   0.0000000E+00
   0.1086817E+02   0.0000000E+00
   0.1099678E+02   0.0000000E+00
   0.1112540E+02   0.0000000E+00
   0.1125402E+02   0.0000000E+00
   0.1138264E+02   0.0000000E+00
   0.1151125E+02   0.0000000E+00
   0.1163987E+02   0.0000000E+00
   0.1176849E+02   0.0000000E+00
   0.1189711E+02   0.0000000E+00
   0.1202572E+02   0.0000000E+00
   0.1215434E+02   0.0000000E+00
   0.1228296E+02   0.0000000E+00
   0.1241158E+02   0.0000000E+00
   0.1254019E+02   0.0000000E+00
   0.1266881E+02   0.0000000E+00
   0.1279743E+02   0.0000000E+00
   0.1292605E+02   0.0000000E+00
   0.1305466E+02   0.0000000E+00
   0.1318328E+02   0.0000000E+00
   0.1331190E+02   0.0000000E+00
   0.1344051E+02   0.0000000E+00
   0.1356913E+02   0.0000000E+00
   0.1369775E+02   0.0000000E+00
   0.1382637E+02   0.0000000E+00
   0.1395498E+02   0.0000000E+00
   0.1408360E+02   0.0000000E+00
   0.1421222E+02   0.0000000E+00
   0.1434084E+02   0.0000000E+00
   0.1446945E+02   0.0000000E+00
   0.1459807E+02   0.0000000E+00
   0.1472669E+02   0.0000000E+00
   0.1485531E+02   0.0000000E+00
   0.1498392E+02   0.0000000E+00
   0.1511254E+02   0.0000000E+00
   0.1524116E+02   0.0000000E+00
   0.1536977E+02   0.0000000E+00
   0.1549839E+02   0.0000000E+00
   0.1562701E+02   0.0000000E+00
   0.1575563E+02   0.0000000E+00
   0.1588424E+02   0.0000000E+00
   0.1601286E+02   0.0000000E+00
   0.1614148E+02   0.0000000E+00
   0.1627010E+02   0.0000000E+00
   0.1639871E+02   0.0000000E+00
   0.1652733E+02   0.0000000E+00
   0.1665595E+02   0.0000000E+00
   0.1678457E+02   0.0000000E+00
   0.1691318E+02   0.0000000E+00
   0.1704180E+02   0.0000000E+00
   0.1717042E+02   0.0000000E+00
   0.1729904E+02   0.0000000E+00
   0.1742765E+02   0.0000000E+00
   0.1755627E+02   0.0000000E+00
   0.1768489E+02   0.0000000E+00
   0.1781350E+02   0.0000000E+00
   0.1794212E+02   0.0000000E+00
   0.1807074E+02   0.0000000E+00
   0.1819936E+02   0.0000000E+00
   0.1832797E+02   0.0000000E+00
   0.1845659E+02   0.0000000E+00
   0.1858521E+02   0.0000000E+00
   0.1871383E+02   0.0000000E+00
   0.1884244E+02   0.0000000E+00
   0.1897106E+02   0.0000000E+00
   0.1909968E+02   0.0000000E+00
   0.1922830E+02   0.0000000E+00
   0.1935691E+02   0.0000000E+00
   0.1948553E+02   0.0000000E+00
   0.1961415E+02   0.0000000E+00
   0.1974277E+02   0.0000000E+00
   0.1987138E+02   0.0000000E+00
   0.2000000E+02   0.0000000E+00
   0.2012862E+02   0.0000000E+00
   0.2025723E+02   0.0000000E+00
   0.2038585E+02   0.0000000E+00
   0.2051447E+02   0.0000000E+00
   0.2064309E+02   0.0000000E+00
   0.2077170E+02   0.0000000E+00
   0.2090032E+02   0.0000000E+00
   0.2102894E+02   0.0000000E+00
   0.2115756E+02   0.0000000E+00
   0.2128617E+02   0.0000000E+00
   0.2141479E+02   0.0000000E+00
   0.2154341E+02   0.0000000E+00
   0.2167203E+02   0.0000000E+00
   0.2180064E+02   0.0000000E+00
   0.2192926E+02   0.0000000E+00
   0.2205788E+02   0.0000000E+00
   0.2218650E+02   0.0000000E+00
   0.2231511E+02   0.0000000E+00
   0.2244373E+02   0.0000000E+00
   0.2257235E+02   0.0000000E+00
   0.2270096E+02   0.0000000E+00
   0.2282958E+02   0.0000000E+00
   0.2295820E+02   0.0000000E+00
   0.2308682E+02   0.0000000E+00
   0.2321543E+02   0.0000000E+00
   0.2334405E+02   0.0000000E+00
   0.2347267E+02   0.0000000E+00
   0.2360129E+02   0.0000000E+00
   0.2372990E+02   0.0000000E+00
   0.2385852E+02   0.0000000E+00
   0.2398714E+02   0.0000000E+00
   0.2411576E+02   0.0000000E+00
   0.2424437E+02   0.0000000E+00
   0.2437299E+02   0.0000000E+00
   0.2450161E+02   0.0000000E+00
   0.2463023E+02   0.0000000E+00
   0.2475884E+02   0.0000000E+00
   0.2488746E+02   0.0000000E+00
   0.2501608E+02   0.0000000E+00
   0.2514469E+02   0.0000000E+00
   0.2527331E+02   0.0000000E+00
   0.2540193E+02   0.0000000E+00
   0.2553055E+02   0.0000000E+00
   0.2565916E+02   0.0000000E+00
   0.2578778E+02   0.0000000E+00
   0.2591640E+02   0.0000000E+00
   0.2604502E+02   0.0000000E+00
   0.2617363E+02   0.0000000E+00
   0.2630225E+02   0.0000000E+00
   0.2643087E+02   0.0000000E+00
   0.2655949E+02   0.0000000E+00
   0.2668810E+02   0.0000000E+00
   0.2681672E+02   0.0000000E+00
   0.2694534E+02   0.0000000E+00
   0.2707395E+02   0.0000000E+00
   0.2720257E+02   0.0000000E+00
   0.2733119E+02   0.0000000E+00
   0.2745981E+02   0.0000000E+00
   0.2758842E+02   0.0000000E+00
   0.2771704E+02   0.0000000E+00
   0.2784566E+02   0.0000000E+00
   0.2797428E+02   0.0000000E+00
   0.2810289E+02   0.0000000E+00
   0.2823151E+02   0.0000000E+00
   0.2836013E+02   0.0000000E+00
   0.2848875E+02   0.0000000E+00
   0.2861736E+02   0.0000000E+00
   0.2874598E+02   0.0000000E+00
   0.2887460E+02   0.0000000E+00
   0.2900322E+02   0.0000000E+00
   0.2913183E+02   0.0000000E+00
   0.2926045E+02   0.0000000E+00
   0.2938907E+02   0.0000000E+00
   0.2951768E+02   0.0000000E+00
   0.2964630E+02   0.0000000E+00
   0.2977492E+02   0.0000000E+00
   0.2990354E+02   0.0000000E+00
   0.3003215E+02   0.0000000E+00
   0.3016077E+02   0.0000000E+00
   0.3028939E+02   0.0000000E+00
   0.3041801E+02   0.0000000E+00
   0.3054662E+02   0.0000000E+00
   0.3067524E+02   0.0000000E+00
   0.3080386E+02   0.0000000E+00
   0.3093248E+02   0.0000000E+00
   0.3106109E+02   0.0000000E+00
   0.3118971E+02   0.0000000E+00
   0.3131833E+02   0.0000000E+00
   0.3144695E+02   0.0000000E+00
   0.3157556E+02   0.0000000E+00
   0.3170418E+02   0.0000000E+00
   0.3183280E+02   0.0000000E+00
   0.3196141E+02   0.0000000E+00
   0.3209003E+02   0.0000000E+00
   0.3221865E+02   0.0000000E+00
   0.3234727E+02   0.0000000E+00
   0.3247588E+02   0.0000000E+00
   0.3260450E+02   0.0000000E+00
   0.3273312E+02   0.0000000E+00
   0.3286174E+02   0.0000000E+00
   0.3299035E+02   0.0000000E+00
   0.3311897E+02   0.0000000E+00
   0.3324759E+02   0.0000000E+00
   0.3337621E+02   0.0000000E+00
   0.3350482E+02   0.0000000E+00
   0.3363344E+02   0.0000000E+00
   0.3376206E+02   0.0000000E+00
   0.3389068E+02   0.0000000E+00
   0.3401929E+02   0.0000000E+00
   0.3414791E+02   0.0000000E+00
   0.3427653E+02   0.0000000E+00
   0.3440514E+02   0.0000000E+00
   0.3453376E+02   0.0000000E+00
   0.3466238E+02   0.0000000E+00
   0.3479100E+02   0.0000000E+00
   0.3491961E+02   0.0000000E+00
   0.3504823E+02   0.0000000E+00
   0.3517685E+02   0.0000000E+00
   0.3530547E+02   0.0000000E+00
   0.3543408E+02   0.0000000E+00
   0.3556270E+02   0.0000000E+00
   0.3569132E+02   0.0000000E+00
   0.3581994E+02   0.0000000E+00
   0.3594855E+02   0.0000000E+00
   0.3607717E+02   0.0000000E+00
   0.3620579E+02   0.0000000E+00
   0.3633441E+02   0.0000000E+00
   0.3646302E+02   0.0000000E+00
   0.3659164E+02   0.0000000E+00
   0.3672026E+02   0.0000000E+00
   0.3684887E+02   0.0000000E+00
   0.3697749E+02   0.0000000E+00
   0.3710611E+02   0.0000000E+00
   0.3723473E+02   0.0000000E+00
   0.3736334E+02   0.0000000E+00
   0.3749196E+02   0.0000000E+00
   0.3762058E+02   0.0000000E+00
   0.3774920E+02   0.0000000E+00
   0.3787781E+02   0.0000000E+00
   0.3800643E+02   0.0000000E+00
   0.3813505E+02   0.0000000E+00
   0.3826367E+02   0.0000000E+00
   0.3839228E+02   0.0000000E+00
   0.3852090E+02   0.0000000E+00
   0.3864952E+02   0.0000000E+00
   0.3877814E+02   0.0000000E+00
   0.3890675E+02   0.0000000E+00
   0.3903537E+02   0.0000000E+00
   0.3916399E+02   0.0000000E+00
   0.3929260E+02   0.0000000E+00
   0.3942122E+02   0.0000000E+00
   0.3954984E+02   0.0000000E+00
   0.3967846E+02   0.0000000E+00
   0.3980707E+02   0.0000000E+00
   0.3993569E+02   0.0000000E+00
   0.4006431E+02   0.0000000E+00
   0.4019293E+02   0.0000000E+00
   0.4032154E+02   0.0000000E+00
   0.4045016E+02   0.0000000E+00
   0.4057878E+02   0.0000000E+00
   0.4070740E+02   0.0000000E+00
   0.4083601E+02   0.0000000E+00
   0.4096463E+02   0.0000000E+00
   0.4109325E+02   0.0000000E+00
   0.4122186E+02   0.0000000E+00
   0.4135048E+02   0.0000000E+00
   0.4147910E+02   0.0000000E+00
   0.4160772E+02   0.0000000E+00
   0.4173633E+02   0.0000000E+00
   0.4186495E+02   0.0000000E+00
   0.4199357E+02   0.0000000E+00
   0.4212219E+02   0.0000000E+00
   0.4225080E+02   0.0000000E+00
   0.4237942E+02   0.0000000E+00
   0.4250804E+02   0.0000000E+00
   0.4263666E+02   0.0000000E+00
   0.4276527E+02   0.0000000E+00
   0.4289389E+02   0.0000000E+00
   0.4302251E+02   0.0000000E+00
   0.4315113E+02   0.0000000E+00
   0.4327974E+02   0.0000000E+00
   0.4340836E+02   0.0000000E+00
   0.4353698E+02   0.0000000E+00
   0.4366559E+02   0.0000000E+00
   0.4379421E+02   0.0000000E+00
   0.4392283E+02   0.0000000E+00
   0.4405145E+02   0.0000000E+00
   0.4418006E+02   0.0000000E+00
   0.4430868E+02   0.0000000E+00
   0.4443730E+02   0.0000000E+00
   0.4456592E+02   0.0000000E+00
   0.4469453E+02   0.0000000E+00
   0.4482315E+02   0.0000000E+00
   0.4495177E+02   0.0000000E+00
   0.4508039E+02   0.0000000E+00
   0.4520900E+02   0.0000000E+00
   0.4533762E+02   0.0000000E+00
   0.4546624E+02   0.0000000E+00
   0.4559486E+02   0.0000000E+00
   0.4572347E+02   0.0000000E+00
   0.4585209E+02   0.0000000E+00
   0.4598071E+02   0.0000000E+00
   0.4610932E+02   0.0000000E+00
   0.4623794E+02   0.0000000E+00
   0.4636656E+02   0.0000000E+00
   0.4649518E+02   0.0000000E+00
   0.4662379E+02   0.0000000E+00
   0.4675241E+02   0.0000000E+00
   0.4688103E+02   0.0000000E+00
   0.4700965E+02   0.0000000E+00
   0.4713826E+02   0.0000000E+00
   0.4726688E+02   0.0000000E+00
   0.4739550E+02   0.0000000E+00
   0.4752412E+02   0.0000000E+00
   0.4765273E+02   0.0000000E+00
   0.4778135E+02   0.0000000E+00
   0.4790997E+02   0.0000000E+00
   0.4803859E+02   0.0000000E+00
   0.4816720E+02   0.0000000E+00
   0.4829582E+02   0.0000000E+00
   0.4842444E+02   0.0000000E+00
   0.4855305E+02   0.0000000E+00
   0.4868167E+02   0.0000000E+00
   0.4881029E+02   0.0000000E+00
   0.4893891E+02   0.0000000E+00
   0.4906752E+02   0.0000000E+00
   0.4919614E+02   0.0000000E+00
   0.4932476E+02   0.0000000E+00
   0.4945338E+02   0.0000000E+00
   0.4958199E+02   0.0000000E+00
   0.4971061E+02   0.0000000E+00
   0.4983923E+02   0.0000000E+00
   0.4996785E+02   0.0000000E+00
   0.5009646E+02   0.0000000E+00
   0.5022508E+02   0.0000000E+00
   0.5035370E+02   0.0000000E+00
   0.5048232E+02   0.0000000E+00
   0.5061093E+02   0.0000000E+00
   0.5073955E+02   0.0000000E+00
   0.5086817E+02   0.0000000E+00
   0.5099678E+02   0.0000000E+00
   0.5112540E+02   0.0000000E+00
   0.5125402E+02   0.0000000E+00
   0.5138264E+02   0.0000000E+00
   0.5151125E+02   0.0000000E+00
   0.5163987E+02   0.0000000E+00
   0.5176849E+02   0.0000000E+00
   0.5189711E+02   0.0000000E+00
   0.5202572E+02   0.0000000E+00
   0.5215434E+02   0.0000000E+00
   0.5228296E+02   0.0000000E+00
   0.5241158E+02   0.0000000E+00
   0.5254019E+02   0.0000000E+00
   0.5266881E+02   0.0000000E+00
   0.5279743E+02   0.0000000E+00
   0.5292605E+02   0.0000000E+00
   0.5305466E+02   0.0000000E+00
   0.5318328E+02   0.0000000E+00
   0.5331190E+02   0.0000000E+00
   0.5344051E+02   0.0000000E+00
   0.5356913E+02   0.0000000E+00
   0.5369775E+02   0.0000000E+00
   0.5382637E+02   0.0000000E+00
   0.5395498E+02   0.0000000E+00
   0.5408360E+02   0.0000000E+00
   0.5421222E+02   0.0000000E+00
   0.5434084E+02   0.0000000E+00
   0.5446945E+02   0.0000000E+00
   0.5459807E+02   0.0000000E+00
   0.5472669E+02   0.0000000E+00
   0.5485531E+02   0.0000000E+00
   0.5498392E+02   0.0000000E+00
   0.5511254E+02   0.0000000E+00
   0.5524116E+02   0.0000000E+00
   0.5536977E+02   0.0000000E+00
   0.5549839E+02   0.0000000E+00
   0.5562701E+02   0.0000000E+00
   0.5575563E+02   0.0000000E+00
   0.5588424E+02   0.0000000E+00
   0.5601286E+02   0.0000000E+00
   0.5614148E+02   0.0000000E+00
   0.5627010E+02   0.0000000E+00
   0.5639871E+02   0.0000000E+00
   0.5652733E+02   0.0000000E+00
   0.5665595E+02   0.0000000E+00
   0.5678457E+02   0.0000000E+00
   0.5691318E+02   0.0000000E+00
   0.5704180E+02   0.0000000E+00
   0.5717042E+02   0.0000000E+00
   0.5729904E+02   0.0000000E+00
   0.5742765E+02   0.0000000E+00
   0.5755627E+02   0.0000000E+00
   0.5768489E+02   0.0000000E+00
   0.5781350E+02   0.0000000E+00
   0.5794212E+02   0.0000000E+00
   0.5807074E+02   0.0000000E+00
   0.5819936E+02   0.0000000E+00
   0.5832797E+02   0.0000000E+00
   0.5845659E+02   0.0000000E+00
   0.5858521E+02   0.0000000E+00
   0.5871383E+02   0.0000000E+00
   0.5884244E+02   0.0000000E+00
   0.5897106E+02   0.0000000E+00
   0.5909968E+02   0.0000000E+00
   0.5922830E+02   0.0000000E+00
   0.5935691E+02   0.0000000E+00
   0.5948553E+02   0.0000000E+00
   0.5961415E+02   0.0000000E+00
   0.5974277E+02   0.0000000E+00
   0.5987138E+02   0.0000000E+00
   0.6000000E+02   0.0000000E+00
   0.6012862E+02   0.0000000E+00
   0.6025723E+02   0.0000000E+00
   0.6038585E+02   0.0000000E+00
   0.6051447E+02   0.0000000E+00
   0.6064309E+02   0.0000000E+00
   0.6077170E+02   0.0000000E+00
   0.6090032E+02   0.0000000E+00
   0.6102894E+02   0.0000000E+00
   0.6115756E+02   0.0000000E+00
   0.6128617E+02   0.0000000E+00
   0.6141479E+02   0.0000000E+00
   0.6154341E+02   0.0000000E+00
   0.6167203E+02   0.0000000E+00
   0.6180064E+02   0.0000000E+00
   0.6192926E+02   0.0000000E+00
   0.6205788E+02   0.0000000E+00
   0.6218650E+02   0.0000000E+00
   0.6231511E+02   0.0000000E+00
   0.6244373E+02   0.0000000E+00
   0.6257235E+02   0.0000000E+00
   0.6270096E+02   0.0000000E+00
   0.6282958E+02   0.0000000E+00
   0.6295820E+02   0.0000000E+00
   0.6308682E+02   0.0000000E+00
   0.6321543E+02   0.0000000E+00
   0.6334405E+02   0.0000000E+00
   0.6347267E+02   0.0000000E+00
   0.6360129E+02   0.0000000E+00
   0.6372990E+02   0.0000000E+00
   0.6385852E+02   0.0000000E+00
   0.6398714E+02   0.0000000E+00
   0.6411576E+02   0.0000000E+00
   0.6424437E+02   0.0000000E+00
   0.6437299E+02   0.0000000E+00
   0.6450161E+02   0.0000000E+00
   0.6463023E+02   0.0000000E+00
   0.6475884E+02   0.0000000E+00
   0.6488746E+02   0.0000000E+00
   0.6501608E+02   0.0000000E+00
   0.6514469E+02   0.0000000E+00
   0.6527331E+02   0.0000000E+00
   0.6540193E+02   0.0000000E+00
   0.6553055E+02   0.0000000E+00
   0.6565916E+02   0.0000000E+00
   0.6578778E+02   0.0000000E+00
   0.6591640E+02   0.0000000E+00
   0.6604502E+02   0.0000000E+00
   0.6617363E+02   0.0000000E+00
   0.6630225E+02   0.0000000E+00
   0.6643087E+02   0.0000000E+00
   0.6655949E+02   0.0000000E+00
   0.6668810E+02   0.0000000E+00
   0.6681672E+02   0.0000000E+00
   0.6694534E+02   0.0000000E+00
   0.6707395E+02   0.0000000E+00
   0.6720257E+02   0.0000000E+00
   0.6733119E+02   0.0000000E+00
   0.6745981E+02   0.0000000E+00
   0.6758842E+02   0.0000000E+00
   0.6771704E+02   0.0000000E+00
   0.6784566E+02   0.0000000E+00
   0.6797428E+02   0.0000000E+00
   0.6810289E+02   0.0000000E+00
   0.6823151E+02   0.0000000E+00
   0.6836013E+02   0.0000000E+00
   0.6848875E+02   0.0000000E+00
   0.6861736E+02   0.0000000E+00
   0.6874598E+02   0.0000000E+00
   0.6887460E+02   0.0000000E+00
   0.6900322E+02   0.0000000E+00
   0.6913183E+02   0.0000000E+00
   0.6926045E+02   0.0000000E+00
   0.6938907E+02   0.0000000E+00
   0.6951768E+02   0.0000000E+00
   0.6964630E+02   0.0000000E+00
   0.6977492E+02   0.0000000E+00
   0.6990354E+02   0.0000000E+00
   0.7003215E+02   0.0000000E+00
   0.7016077E+02   0.0000000E+00
   0.7028939E+02   0.0000000E+00
   0.7041801E+02   0.0000000E+00
   0.7054662E+02   0.0000000E+00
   0.7067524E+02   0.0000000E+00
   0.7080386E+02   0.0000000E+00
   0.7093248E+02   0.0000000E+00
   0.7106109E+02   0.0000000E+00
   0.7118971E+02   0.0000000E+00
   0.7131833E+02   0.0000000E+00
   0.7144695E+02   0.0000000E+00
   0.7157556E+02   0.0000000E+00
   0.7170418E+02   0.0000000E+00
   0.7183280E+02   0.0000000E+00
   0.7196141E+02   0.0000000E+00
   0.7209003E+02   0.0000000E+00
   0.7221865E+02   0.0000000E+00
   0.7234727E+02   0.0000000E+00
   0.7247588E+02   0.0000000E+00
   0.7260450E+02   0.0000000E+00
   0.7273312E+02   0.0000000E+00
   0.7286174E+02   0.0000000E+00
   0.7299035E+02   0.0000000E+00
   0.7311897E+02   0.0000000E+00
   0.7324759E+02   0.0000000E+00
   0.7337621E+02   0.0000000E+00
   0.7350482E+02   0.0000000E+00
   0.7363344E+02   0.0000000E+00
   0.7376206E+02   0.0000000E+00
   0.7389068E+02   0.0000000E+00
   0.7401929E+02   0.0000000E+00
   0.7414791E+02   0.0000000E+00
   0.7427653E+02   0.0000000E+00
   0.7440514E+02   0.0000000E+00
   0.7453376E+02   0.0000000E+00
   0.7466238E+02   0.0000000E+00
   0.7479100E+02   0.0000000E+00
   0.7491961E+02   0.0000000E+00
   0.7504823E+02   0.0000000E+00
   0.7517685E+02   0.0000000E+00
   0.7530547E+02   0.0000000E+00
   0.7543408E+02   0.0000000E+00
   0.7556270E+02   0.0000000E+00
   0.7569132E+02   0.0000000E+00
   0.7581994E+02   0.0000000E+00
   0.7594855E+02   0.0000000E+00
   0.7607717E+02   0.0000000E+00
   0.7620579E+02   0.0000000E+00
   0.7633441E+02   0.0000000E+00
   0.7646302E+02   0.0000000E+00
   0.7659164E+02   0.0000000E+00
   0.7672026E+02   0.0000000E+00
   0.7684887E+02   0.0000000E+00
   0.7697749E+02   0.0000000E+00
   0.7710611E+02   0.0000000E+00
   0.7723473E+02   0.0000000E+00
   0.7736334E+02   0.0000000E+00
   0.7749196E+02   0.0000000E+00
   0.7762058E+02   0.0000000E+00
   0.7774920E+02   0.0000000E+00
   0.7787781E+02   0.0000000E+00
   0.7800643E+02   0.0000000E+00
   0.7813505E+02   0.0000000E+00
   0.7826367E+02   0.0000000E+00
   0.7839228E+02   0.0000000E+00
   0.7852090E+02   0.0000000E+00
   0.7864952E+02   0.0000000E+00
   0.7877814E+02   0.0000000E+00
   0.7890675E+02   0.0000000E+00
   0.7903537E+02   0.0000000E+00
   0.7916399E+02   0.0000000E+00
   0.7929260E+02   0.0000000E+00
   0.7942122E+02   0.0000000E+00
   0.7954984E+02   0.0000000E+00
   0.7967846E+02   0.0000000E+00
   0.7980707E+02   0.0000000E+00
   0.7993569E+02   0.0000000E+00
   0.8006431E+02   0.0000000E+00
   0.8019293E+02   0.0000000E+00
   0.8032154E+02   0.0000000E+00
   0.8045016E+02   0.0000000E+00
   0.8057878E+02   0.0000000E+00
   0.8070740E+02   0.0000000E+00
   0.8083601E+02   0.0000000E+00
   0.8096463E+02   0.0000000E+00
   0.8109325E+02   0.0000000E+00
   0.8122186E+02   0.0000000E+00
   0.8135048E+02   0.0000000E+00
   0.8147910E+02   0.0000000E+00
   0.8160772E+02   0.0000000E+00
   0.8173633E+02   0.0000000E+00
   0.8186495E+02   0.0000000E+00
   0.8199357E+02   0.0000000E+00
   0.8212219E+02   0.0000000E+00
   0.8225080E+02   0.0000000E+00
   0.8237942E+02   0.0000000E+00
   0.8250804E+02   0.0000000E+00
   0.8263666E+02   0.0000000E+00
   0.8276527E+02   0.0000000E+00
   0.8289389E+02   0.0000000E+00
   0.8302251E+02   0.0000000E+00
   0.8315113E+02   0.0000000E+00
   0.8327974E+02   0.0000000E+00
   0.8340836E+02   0.0000000E+00
   0.8353698E+02   0.0000000E+00
   0.8366559E+02   0.0000000E+00
   0.8379421E+02   0.0000000E+00
   0.8392283E+02   0.0000000E+00
   0.8405145E+02   0.0000000E+00
   0.8418006E+02   0.0000000E+00
   0.8430868E+02   0.0000000E+00
   0.8443730E+02   0.0000000E+00
   0.8456592E+02   0.0000000E+00
   0.8469453E+02   0.0000000E+00
   0.8482315E+02   0.0000000E+00
   0.8495177E+02   0.0000000E+00
   0.8508039E+02   0.0000000E+00
   0.8520900E+02   0.0000000E+00
   0.8533762E+02   0.0000000E+00
   0.8546624E+02   0.0000000E+00
   0.8559486E+02   0.0000000E+00
   0.8572347E+02   0.0000000E+00
   0.8585209E+02   0.0000000E+00
   0.8598071E+02   0.0000000E+00
   0.8610932E+02   0.0000000E+00
   0.8623794E+02   0.0000000E+00
   0.8636656E+02   0.0000000E+00
   0.8649518E+02   0.0000000E+00
   0.8662379E+02   0.0000000E+00
   0.8675241E+02   0.0000000E+00
   0.8688103E+02   0.0000000E+00
   0.8700965E+02   0.0000000E+00
   0.8713826E+02   0.0000000E+00
   0.8726688E+02   0.0000000E+00
   0.8739550E+02   0.0000000E+00
   0.8752412E+02   0.0000000E+00
   0.8765273E+02   0.0000000E+00
   0.8778135E+02   0.0000000E+00
   0.8790997E+02   0.0000000E+00
   0.8803859E+02   0.0000000E+00
   0.8816720E+02   0.0000000E+00
   0.8829582E+02   0.0000000E+00
   0.8842444E+02   0.0000000E+00
   0.8855305E+02   0.0000000E+00
   0.8868167E+02   0.0000000E+00
   0.8881029E+02   0.0000000E+00
   0.8893891E+02   0.0000000E+00
   0.8906752E+02   0.0000000E+00
   0.8919614E+02   0.0000000E+00
   0.8932476E+02   0.0000000E+00
   0.8945338E+02   0.0000000E+00
   0.8958199E+02   0.0000000E+00
   0.8971061E+02   0.0000000E+00
   0.8983923E+02   0.0000000E+00
   0.8996785E+02   0.0000000E+00
   0.9009646E+02   0.0000000E+00
   0.9022508E+02   0.0000000E+00
   0.9035370E+02   0.0000000E+00
   0.9048232E+02   0.0000000E+00
   0.9061093E+02   0.0000000E+00
   0.9073955E+02   0.0000000E+00
   0.9086817E+02   0.0000000E+00
   0.9099678E+02   0.0000000E+00
   0.9112540E+02   0.0000000E+00
   0.9125402E+02   0.0000000E+00
   0.9138264E+02   0.0000000E+00
   0.9151125E+02   0.0000000E+00
   0.9163987E+02   0.0000000E+00
   0.9176849E+02   0.0000000E+00
   0.9189711E+02   0.0000000E+00
   0.9202572E+02   0.0000000E+00
   0.9215434E+02   0.0000000E+00
   0.9228296E+02   0.0000000E+00
   0.9241158E+02   0.0000000E+00
   0.9254019E+02   0.0000000E+00
   0.9266881E+02   0.0000000E+00
   0.9279743E+02   0.0000000E+00
   0.9292605E+02   0.0000000E+00
   0.9305466E+02   0.0000000E+00
   0.9318328E+02   0.0000000E+00
   0.9331190E+02   0.0000000E+00
   0.9344051E+02   0.0000000E+00
   0.9356913E+02   0.0000000E+00
   0.9369775E+02   0.0000000E+00
   0.9382637E+02   0.0000000E+00
   0.9395498E+02   0.0000000E+00
   0.9408360E+02   0.0000000E+00
   0.9421222E+02   0.0000000E+00
   0.9434084E+02   0.0000000E+00
   0.9446945E+02   0.0000000E+00
   0.9459807E+02   0.0000000E+00
   0.9472669E+02   0.0000000E+00
   0.9485531E+02   0.0000000E+00
   0.9498392E+02   0.0000000E+00
   0.9511254E+02   0.0000000E+00
   0.9524116E+02   0.0000000E+00
   0.9536977E+02   0.0000000E+00
   0.9549839E+02   0.0000000E+00
   0.9562701E+02   0.0000000E+00
   0.9575563E+02   0.0000000E+00
   0.9588424E+02   0.0000000E+00
   0.9601286E+02   0.0000000E+00
   0.9614148E+02   0.0000000E+00
   0.9627010E+02   0.0000000E+00
   0.9639871E+02   0.0000000E+00
   0.9652733E+02   0.0000000E+00
   0.9665595E+02   0.0000000E+00
   0.9678457E+02   0.0000000E+00
   0.9691318E+02   0.0000000E+00
   0.9704180E+02   0.0000000E+00
   0.9717042E+02   0.0000000E+00
   0.9729904E+02   0.0000000E+00
   0.9742765E+02   0.0000000E+00
   0.9755627E+02   0.0000000E+00
   0.9768489E+02   0.0000000E+00
   0.9781350E+02   0.0000000E+00
   0.9794212E+02   0.0000000E+00
   0.9807074E+02   0.0000000E+00
   0.9819936E+02   0.0000000E+00
   0.9832797E+02   0.0000000E+00
   0.9845659E+02   0.0000000E+00
   0.9858521E+02   0.0000000E+00
   0.9871383E+02   0.0000000E+00
   0.9884244E+02   0.0000000E+00
   0.9897106E+02   0.0000000E+00
   0.9909968E+02   0.0000000E+00
   0.9922830E+02   0.0000000E+00
   0.9935691E+02   0.0000000E+00
   0.9948553E+02   0.0000000E+00
   0.9961415E+02   0.0000000E+00
   0.9974277E+02   0.0000000E+00
   0.9987138E+02   0.0000000E+00
   0.1000000E+03   0.0000000E+00
   0.1001286E+03   0.0000000E+00
   0.1002572E+03   0.0000000E+00
   0.1003859E+03   0.0000000E+00
   0.1005145E+03   0.0000000E+00
   0.1006431E+03   0.0000000E+00
   0.1007717E+03   0.0000000E+00
   0.1009003E+03   0.0000000E+00
   0.1010289E+03   0.0000000E+00
   0.1011576E+03   0.0000000E+00
   0.1012862E+03   0.0000000E+00
   0.1014148E+03   0.0000000E+00
   0.1015434E+03   0.0000000E+00
   0.1016720E+03   0.0000000E+00
   0.1018006E+03   0.0000000E+00
   0.1019293E+03   0.0000000E+00
   0.1020579E+03   0.0000000E+00
   0.1021865E+03   0.0000000E+00
   0.1023151E+03   0.0000000E+00
   0.1024437E+03   0.0000000E+00
   0.1025723E+03   0.0000000E+00
   0.1027010E+03   0.0000000E+00
   0.1028296E+03   0.0000000E+00
   0.1029582E+03   0.0000000E+00
   0.1030868E+03   0.0000000E+00
   0.1032154E+03   0.0000000E+00
   0.1033441E+03   0.0000000E+00
   0.1034727E+03   0.0000000E+00
   0.1036013E+03   0.0000000E+00
   0.1037299E+03   0.0000000E+00
   0.1038585E+03   0.0000000E+00
   0.1039871E+03   0.0000000E+00
   0.1041158E+03   0.0000000E+00
   0.1042444E+03   0.0000000E+00
   0.1043730E+03   0.0000000E+00
   0.1045016E+03   0.0000000E+00
   0.1046302E+03   0.0000000E+00
   0.1047588E+03   0.0000000E+00
   0.1048875E+03   0.0000000E+00
   0.1050161E+03   0.0000000E+00
   0.1051447E+03   0.0000000E+00
   0.1052733E+03   0.0000000E+00
   0.1054019E+03   0.0000000E+00
   0.1055305E+03   0.0000000E+00
   0.1056592E+03   0.0000000E+00
   0.1057878E+03   0.0000000E+00
   0.1059164E+03   0.0000000E+00
   0.1060450E+03   0.0000000E+00
   0.1061736E+03   0.0000000E+00
   0.1063023E+03   0.0000000E+00
   0.1064309E+03   0.0000000E+00
   0.1065595E+03   0.0000000E+00
   0.1066881E+03   0.0000000E+00
   0.1068167E+03   0.0000000E+00
   0.1069453E+03   0.0000000E+00
   0.1070740E+03   0.0000000E+00
   0.1072026E+03   0.0000000E+00
   0.1073312E+03   0.0000000E+00
   0.1074598E+03   0.0000000E+00
   0.1075884E+03   0.0000000E+00
   0.1077170E+03   0.0000000E+00
   0.1078457E+03   0.0000000E+00
   0.1079743E+03   0.0000000E+00
   0.1081029E+03   0.0000000E+00
   0.1082315E+03   0.0000000E+00
   0.1083601E+03   0.0000000E+00
   0.1084887E+03   0.0000000E+00
   0.1086174E+03   0.0000000E+00
   0.1087460E+03   0.0000000E+00
   0.1088746E+03   0.0000000E+00
   0.1090032E+03   0.0000000E+00
   0.1091318E+03   0.0000000E+00
   0.1092605E+03   0.0000000E+00
   0.1093891E+03   0.0000000E+00
   0.1095177E+03   0.0000000E+00
   0.1096463E+03   0.0000000E+00
   0.1097749E+03   0.0000000E+00
   0.1099035E+03   0.0000000E+00
   0.1100322E+03   0.0000000E+00
   0.1101608E+03   0.0000000E+00
   0.1102894E+03   0.0000000E+00
   0.1104180E+03   0.0000000E+00
   0.1105466E+03   0.0000000E+00
   0.1106752E+03   0.0000000E+00
   0.1108039E+03   0.0000000E+00
   0.1109325E+03   0.0000000E+00
   0.1110611E+03   0.0000000E+00
   0.1111897E+03   0.0000000E+00
   0.1113183E+03   0.0000000E+00
   0.1114469E+03   0.0000000E+00
   0.1115756E+03   0.0000000E+00
   0.1117042E+03   0.0000000E+00
   0.1118328E+03   0.0000000E+00
   0.1119614E+03   0.0000000E+00
   0.1120900E+03   0.0000000E+00
   0.1122186E+03   0.0000000E+00
   0.1123473E+03   0.0000000E+00
   0.1124759E+03   0.0000000E+00
   0.1126045E+03   0.0000000E+00
   0.1127331E+03   0.0000000E+00
   0.1128617E+03   0.0000000E+00
   0.1129904E+03   0.0000000E+00
   0.1131190E+03   0.0000000E+00
   0.1132476E+03   0.0000000E+00
   0.1133762E+03   0.0000000E+00
   0.1135048E+03   0.0000000E+00
   0.1136334E+03   0.0000000E+00
   0.1137621E+03   0.0000000E+00
   0.1138907E+03   0.0000000E+00
   0.1140193E+03   0.0000000E+00
   0.1141479E+03   0.0000000E+00
   0.1142765E+03   0.0000000E+00
   0.1144051E+03   0.0000000E+00
   0.1145338E+03   0.0000000E+00
   0.1146624E+03   0.0000000E+00
   0.1147910E+03   0.0000000E+00
   0.1149196E+03   0.0000000E+00
   0.1150482E+03   0.0000000E+00
   0.1151768E+03   0.0000000E+00
   0.1153055E+03   0.0000000E+00
   0.1154341E+03   0.0000000E+00
   0.1155627E+03   0.0000000E+00
   0.1156913E+03   0.0000000E+00
   0.1158199E+03   0.0000000E+00
   0.1159486E+03   0.0000000E+00
   0.1160772E+03   0.0000000E+00
   0.1162058E+03   0.0000000E+00
   0.1163344E+03   0.0000000E+00
   0.1164630E+03   0.0000000E+00
   0.1165916E+03   0.0000000E+00
   0.1167203E+03   0.0000000E+00
   0.1168489E+03   0.0000000E+00
   0.1169775E+03   0.0000000E+00
   0.1171061E+03   0.0000000E+00
   0.1172347E+03   0.0000000E+00
   0.1173633E+03   0.0000000E+00
   0.1174920E+03   0.0000000E+00
   0.1176206E+03   0.0000000E+00
   0.1177492E+03   0.0000000E+00
   0.1178778E+03   0.0000000E+00
   0.1180064E+03   0.0000000E+00
   0.1181350E+03   0.0000000E+00
   0.1182637E+03   0.0000000E+00
   0.1183923E+03   0.0000000E+00
   0.1185209E+03   0.0000000E+00
   0.1186495E+03   0.0000000E+00
   0.1187781E+03   0.0000000E+00
   0.1189068E+03   0.0000000E+00
   0.1190354E+03   0.0000000E+00
   0.1191640E+03   0.0000000E+00
   0.1192926E+03   0.0000000E+00
   0.1194212E+03   0.0000000E+00
   0.1195498E+03   0.0000000E+00
   0.1196785E+03   0.0000000E+00
   0.1198071E+03   0.0000000E+00
   0.1199357E+03   0.0000000E+00
   0.1200643E+03   0.0000000E+00
   0.1201929E+03   0.0000000E+00
   0.1203215E+03   0.0000000E+00
   0.1204502E+03   0.0000000E+00
   0.1205788E+03   0.0000000E+00
   0.1207074E+03   0.0000000E+00
   0.1208360E+03   0.0000000E+00
   0.1209646E+03   0.0000000E+00
   0.1210932E+03   0.0000000E+00
   0.1212219E+03   0.0000000E+00
   0.1213505E+03   0.0000000E+00
   0.1214791E+03   0.0000000E+00
   0.1216077E+03   0.0000000E+00
   0.1217363E+03   0.0000000E+00
   0.1218650E+03   0.0000000E+00
   0.1219936E+03   0.0000000E+00
   0.1221222E+03   0.0000000E+00
   0.1222508E+03   0.0000000E+00
   0.1223794E+03   0.0000000E+00
   0.1225080E+03   0.0000000E+00
   0.1226367E+03   0.0000000E+00
   0.1227653E+03   0.0000000E+00
   0.1228939E+03   0.0000000E+00
   0.1230225E+03   0.0000000E+00
   0.1231511E+03   0.0000000E+00
   0.1232797E+03   0.0000000E+00
   0.1234084E+03   0.0000000E+00
   0.1235370E+03   0.0000000E+00
   0.1236656E+03   0.0000000E+00
   0.1237942E+03   0.0000000E+00
   0.1239228E+03   0.0000000E+00
   0.1240514E+03   0.0000000E+00
   0.1241801E+03   0.0000000E+00
   0.1243087E+03   0.0000000E+00
   0.1244373E+03   0.0000000E+00
   0.1245659E+03   0.0000000E+00
   0.1246945E+03   0.0000000E+00
   0.1248232E+03   0.0000000E+00
   0.1249518E+03   0.0000000E+00
   0.1250804E+03   0.0000000E+00
   0.1252090E+03   0.0000000E+00
   0.1253376E+03   0.0000000E+00
   0.1254662E+03   0.0000000E+00
   0.1255949E+03   0.0000000E+00
   0.1257235E+03   0.0000000E+00
   0.1258521E+03   0.0000000E+00
   0.1259807E+03   0.0000000E+00
   0.1261093E+03   0.0000000E+00
   0.1262379E+03   0.0000000E+00
   0.1263666E+03   0.0000000E+00
   0.1264952E+03   0.0000000E+00
   0.1266238E+03   0.0000000E+00
   0.1267524E+03   0.0000000E+00
   0.1268810E+03   0.0000000E+00
   0.1270096E+03   0.0000000E+00
   0.1271383E+03   0.0000000E+00
   0.1272669E+03   0.0000000E+00
   0.1273955E+03   0.0000000E+00
   0.1275241E+03   0.0000000E+00
   0.1276527E+03   0.0000000E+00
   0.1277814E+03   0.0000000E+00
   0.1279100E+03   0.0000000E+00
   0.1280386E+03   0.0000000E+00
   0.1281672E+03   0.0000000E+00
   0.1282958E+03   0.0000000E+00
   0.1284244E+03   0.0000000E+00
   0.1285531E+03   0.0000000E+00
   0.1286817E+03   0.0000000E+00
   0.1288103E+03   0.0000000E+00
   0.1289389E+03   0.0000000E+00
   0.1290675E+03   0.0000000E+00
   0.1291961E+03   0.0000000E+00
   0.1293248E+03   0.0000000E+00
   0.1294534E+03   0.0000000E+00
   0.1295820E+03   0.0000000E+00
   0.1297106E+03   0.0000000E+00
   0.1298392E+03   0.0000000E+00
   0.1299678E+03   0.0000000E+00
   0.1300965E+03   0.0000000E+00
   0.1302251E+03   0.0000000E+00
   0.1303537E+03   0.0000000E+00
   0.1304823E+03   0.0000000E+00
   0.1306109E+03   0.0000000E+00
   0.1307395E+03   0.0000000E+00
   0.1308682E+03   0.0000000E+00
   0.1309968E+03   0.0000000E+00
   0.1311254E+03   0.0000000E+00
   0.1312540E+03   0.0000000E+00
   0.1313826E+03   0.0000000E+00
   0.1315113E+03   0.0000000E+00
   0.1316399E+03   0.0000000E+00
   0.1317685E+03   0.0000000E+00
   0.1318971E+03   0.0000000E+00
   0.1320257E+03   0.0000000E+00
   0.1321543E+03   0.0000000E+00
   0.1322830E+03   0.0000000E+00
   0.1324116E+03   0.0000000E+00
   0.1325402E+03   0.0000000E+00
   0.1326688E+03   0.0000000E+00
   0.1327974E+03   0.0000000E+00
   0.1329260E+03   0.0000000E+00
   0.1330547E+03   0.0000000E+00
   0.1331833E+03   0.0000000E+00
   0.1333119E+03   0.0000000E+00
   0.1334405E+03   0.0000000E+00
   0.1335691E+03   0.0000000E+00
   0.1336977E+03   0.0000000E+00
   0.1338264E+03   0.0000000E+00
   0.1339550E+03   0.0000000E+00
   0.1340836E+03   0.0000000E+00
   0.1342122E+03   0.0000000E+00
   0.1343408E+03   0.0000000E+00
   0.1344695E+03   0.0000000E+00
   0.1345981E+03   0.0000000E+00
   0.1347267E+03   0.0000000E+00
   0.1348553E+03   0.0000000E+00
   0.1349839E+03   0.0000000E+00
   0.1351125E+03   0.0000000E+00
   0.1352412E+03   0.0000000E+00
   0.1353698E+03   0.0000000E+00
   0.1354984E+03   0.0000000E+00
   0.1356270E+03   0.0000000E+00
   0.1357556E+03   0.0000000E+00
   0.1358842E+03   0.0000000E+00
   0.1360129E+03   0.0000000E+00
   0.1361415E+03   0.0000000E+00
   0.1362701E+03   0.0000000E+00
   0.1363987E+03   0.0000000E+00
   0.1365273E+03   0.0000000E+00
   0.1366559E+03   0.0000000E+00
   0.1367846E+03   0.0000000E+00
   0.1369132E+03   0.0000000E+00
   0.1370418E+03   0.0000000E+00
   0.1371704E+03   0.0000000E+00
   0.1372990E+03   0.0000000E+00
   0.1374277E+03   0.0000000E+00
   0.1375563E+03   0.0000000E+00
   0.1376849E+03   0.0000000E+00
   0.1378135E+03   0.0000000E+00
   0.1379421E+03   0.0000000E+00
   0.1380707E+03   0.0000000E+00
   0.1381994E+03   0.0000000E+00
   0.1383280E+03   0.0000000E+00
   0.1384566E+03   0.0000000E+00
   0.1385852E+03   0.0000000E+00
   0.1387138E+03   0.0000000E+00
   0.1388424E+03   0.0000000E+00
   0.1389711E+03   0.0000000E+00
   0.1390997E+03   0.0000000E+00
   0.1392283E+03   0.0000000E+00
   0.1393569E+03   0.0000000E+00
   0.1394855E+03   0.0000000E+00
   0.1396141E+03   0.0000000E+00
   0.1397428E+03   0.0000000E+00
   0.1398714E+03   0.0000000E+00
   0.1400000E+03   0.0000000E+00
   0.1401286E+03   0.0000000E+00
   0.1402572E+03   0.0000000E+00
   0.1403859E+03   0.0000000E+00
   0.1405145E+03   0.0000000E+00
   0.1406431E+03   0.0000000E+00
   0.1407717E+03   0.0000000E+00
   0.1409003E+03   0.0000000E+00
   0.1410289E+03   0.0000000E+00
   0.1411576E+03   0.0000000E+00
   0.1412862E+03   0.0000000E+00
   0.1414148E+03   0.0000000E+00
   0.1415434E+03   0.0000000E+00
   0.1416720E+03   0.0000000E+00
   0.1418006E+03   0.0000000E+00
   0.1419293E+03   0.0000000E+00
   0.1420579E+03   0.0000000E+00
   0.1421865E+03   0.0000000E+00
   0.1423151E+03   0.0000000E+00
   0.1424437E+03   0.0000000E+00
   0.1425723E+03   0.0000000E+00
   0.1427010E+03   0.0000000E+00
   0.1428296E+03   0.0000000E+00
   0.1429582E+03   0.0000000E+00
   0.1430868E+03   0.0000000E+00
   0.1432154E+03   0.0000000E+00
   0.1433441E+03   0.0000000E+00
   0.1434727E+03   0.0000000E+00
   0.1436013E+03   0.0000000E+00
   0.1437299E+03   0.0000000E+00
   0.1438585E+03   0.0000000E+00
   0.1439871E+03   0.0000000E+00
   0.1441158E+03   0.0000000E+00
   0.1442444E+03   0.0000000E+00
   0.1443730E+03   0.0000000E+00
   0.1445016E+03   0.0000000E+00
   0.1446302E+03   0.0000000E+00
   0.1447588E+03   0.0000000E+00
   0.1448875E+03   0.0000000E+00
   0.1450161E+03   0.0000000E+00
   0.1451447E+03   0.0000000E+00
   0.1452733E+03   0.0000000E+00
   0.1454019E+03   0.0000000E+00
   0.1455305E+03   0.0000000E+00
   0.1456592E+03   0.0000000E+00
   0.1457878E+03   0.0000000E+00
   0.1459164E+03   0.0000000E+00
   0.1460450E+03   0.0000000E+00
   0.1461736E+03   0.0000000E+00
   0.1463023E+03   0.0000000E+00
   0.1464309E+03   0.0000000E+00
   0.1465595E+03   0.0000000E+00
   0.1466881E+03   0.0000000E+00
   0.1468167E+03   0.0000000E+00
   0.1469453E+03   0.0000000E+00
   0.1470740E+03   0.0000000E+00
   0.1472026E+03   0.0000000E+00
   0.1473312E+03   0.0000000E+00
   0.1474598E+03   0.0000000E+00
   0.1475884E+03   0.0000000E+00
   0.1477170E+03   0.0000000E+00
   0.1478457E+03   0.0000000E+00
   0.1479743E+03   0.0000000E+00
   0.1481029E+03   0.0000000E+00
   0.1482315E+03   0.0000000E+00
   0.1483601E+03   0.0000000E+00
   0.1484887E+03   0.0000000E+00
   0.1486174E+03   0.0000000E+00
   0.1487460E+03   0.0000000E+00
   0.1488746E+03   0.0000000E+00
   0.1490032E+03   0.0000000E+00
   0.1491318E+03   0.0000000E+00
   0.1492605E+03   0.0000000E+00
   0.1493891E+03   0.0000000E+00
   0.1495177E+03   0.0000000E+00
   0.1496463E+03   0.0000000E+00
   0.1497749E+03   0.0000000E+00
   0.1499035E+03   0.0000000E+00
   0.1500322E+03   0.0000000E+00
   0.1501608E+03   0.0000000E+00
   0.1502894E+03   0.0000000E+00
   0.1504180E+03   0.0000000E+00
   0.1505466E+03   0.0000000E+00
   0.1506752E+03   0.0000000E+00
   0.1508039E+03   0.0000000E+00
   0.1509325E+03   0.0000000E+00
   0.1510611E+03   0.0000000E+00
   0.1511897E+03   0.0000000E+00
   0.1513183E+03   0.0000000E+00
   0.1514469E+03   0.0000000E+00
   0.1515756E+03   0.0000000E+00
   0.1517042E+03   0.0000000E+00
   0.1518328E+03   0.0000000E+00
   0.1519614E+03   0.0000000E+00
   0.1520900E+03   0.0000000E+00
   0.1522186E+03   0.0000000E+00
   0.1523473E+03   0.0000000E+00
   0.1524759E+03   0.0000000E+00
   0.1526045E+03   0.0000000E+00
   0.1527331E+03   0.0000000E+00
   0.1528617E+03   0.0000000E+00
   0.1529904E+03   0.0000000E+00
   0.1531190E+03   0.0000000E+00
   0.1532476E+03   0.0000000E+00
   0.1533762E+03   0.0000000E+00
   0.1535048E+03   0.0000000E+00
   0.1536334E+03   0.0000000E+00
   0.1537621E+03   0.0000000E+00
   0.1538907E+03   0.0000000E+00
   0.1540193E+03   0.0000000E+00
   0.1541479E+03   0.0000000E+00
   0.1542765E+03   0.0000000E+00
   0.1544051E+03   0.0000000E+00
   0.1545338E+03   0.0000000E+00
   0.1546624E+03   0.0000000E+00
   0.1547910E+03   0.0000000E+00
   0.1549196E+03   0.0000000E+00
   0.1550482E+03   0.0000000E+00
   0.1551768E+03   0.0000000E+00
   0.1553055E+03   0.0000000E+00
   0.1554341E+03   0.0000000E+00
   0.1555627E+03   0.0000000E+00
   0.1556913E+03   0.0000000E+00
   0.1558199E+03   0.0000000E+00
   0.1559486E+03   0.0000000E+00
   0.1560772E+03   0.0000000E+00
   0.1562058E+03   0.0000000E+00
   0.1563344E+03   0.0000000E+00
   0.1564630E+03   0.0000000E+00
   0.1565916E+03   0.0000000E+00
   0.1567203E+03   0.0000000E+00
   0.1568489E+03   0.0000000E+00
   0.1569775E+03   0.0000000E+00
   0.1571061E+03   0.0000000E+00
   0.1572347E+03   0.0000000E+00
   0.1573633E+03   0.0000000E+00
   0.1574920E+03   0.0000000E+00
   0.1576206E+03   0.0000000E+00
   0.1577492E+03   0.0000000E+00
   0.1578778E+03   0.0000000E+00
   0.1580064E+03   0.0000000E+00
   0.1581350E+03   0.0000000E+00
   0.1582637E+03   0.0000000E+00
   0.1583923E+03   0.0000000E+00
   0.1585209E+03   0.0000000E+00
   0.1586495E+03   0.0000000E+00
   0.1587781E+03   0.0000000E+00
   0.1589068E+03   0.0000000E+00
   0.1590354E+03   0.0000000E+00
   0.1591640E+03   0.0000000E+00
   0.1592926E+03   0.0000000E+00
   0.1594212E+03   0.0000000E+00
   0.1595498E+03   0.0000000E+00
   0.1596785E+03   0.0000000E+00
   0.1598071E+03   0.0000000E+00
   0.1599357E+03   0.0000000E+00
   0.1600643E+03   0.0000000E+00
   0.1601929E+03   0.0000000E+00
   0.1603215E+03   0.0000000E+00
   0.1604502E+03   0.0000000E+00
   0.1605788E+03   0.0000000E+00
   0.1607074E+03   0.0000000E+00
   0.1608360E+03   0.0000000E+00
   0.1609646E+03   0.0000000E+00
   0.1610932E+03   0.0000000E+00
   0.1612219E+03   0.0000000E+00
   0.1613505E+03   0.0000000E+00
   0.1614791E+03   0.0000000E+00
   0.1616077E+03   0.0000000E+00
   0.1617363E+03   0.0000000E+00
   0.1618650E+03   0.0000000E+00
   0.1619936E+03   0.0000000E+00
   0.1621222E+03   0.0000000E+00
   0.1622508E+03   0.0000000E+00
   0.1623794E+03   0.0000000E+00
   0.1625080E+03   0.0000000E+00
   0.1626367E+03   0.0000000E+00
   0.1627653E+03   0.0000000E+00
   0.1628939E+03   0.0000000E+00
   0.1630225E+03   0.0000000E+00
   0.1631511E+03   0.0000000E+00
   0.1632797E+03   0.0000000E+00
   0.1634084E+03   0.0000000E+00
   0.1635370E+03   0.0000000E+00
   0.1636656E+03   0.0000000E+00
   0.1637942E+03   0.0000000E+00
   0.1639228E+03   0.0000000E+00
   0.1640514E+03   0.0000000E+00
   0.1641801E+03   0.0000000E+00
   0.1643087E+03   0.0000000E+00
   0.1644373E+03   0.0000000E+00
   0.1645659E+03   0.0000000E+00
   0.1646945E+03   0.0000000E+00
   0.1648232E+03   0.0000000E+00
   0.1649518E+03   0.0000000E+00
   0.1650804E+03   0.0000000E+00
   0.1652090E+03   0.0000000E+00
   0.1653376E+03   0.0000000E+00
   0.1654662E+03   0.0000000E+00
   0.1655949E+03   0.0000000E+00
   0.1657235E+03   0.0000000E+00
   0.1658521E+03   0.0000000E+00
   0.1659807E+03   0.0000000E+00
   0.1661093E+03   0.0000000E+00
   0.1662379E+03   0.0000000E+00
   0.1663666E+03   0.0000000E+00
   0.1664952E+03   0.0000000E+00
   0.1666238E+03   0.0000000E+00
   0.1667524E+03   0.0000000E+00
   0.1668810E+03   0.0000000E+00
   0.1670096E+03   0.0000000E+00
   0.1671383E+03   0.0000000E+00
   0.1672669E+03   0.0000000E+00
   0.1673955E+03   0.0000000E+00
   0.1675241E+03   0.0000000E+00
   0.1676527E+03   0.0000000E+00
   0.1677814E+03   0.0000000E+00
   0.1679100E+03   0.0000000E+00
   0.1680386E+03   0.0000000E+00
   0.1681672E+03   0.0000000E+00
   0.1682958E+03   0.0000000E+00
   0.1684244E+03   0.0000000E+00
   0.1685531E+03   0.0000000E+00
   0.1686817E+03   0.0000000E+00
   0.1688103E+03   0.0000000E+00
   0.1689389E+03   0.0000000E+00
   0.1690675E+03   0.0000000E+00
   0.1691961E+03   0.0000000E+00
   0.1693248E+03   0.0000000E+00
   0.1694534E+03   0.0000000E+00
   0.1695820E+03   0.0000000E+00
   0.1697106E+03   0.0000000E+00
   0.1698392E+03   0.0000000E+00
   0.1699678E+03   0.0000000E+00
   0.1700965E+03   0.0000000E+00
   0.1702251E+03   0.0000000E+00
   0.1703537E+03   0.0000000E+00
   0.1704823E+03   0.0000000E+00
   0.1706109E+03   0.0000000E+00
   0.1707395E+03   0.0000000E+00
   0.1708682E+03   0.0000000E+00
   0.1709968E+03   0.0000000E+00
   0.1711254E+03   0.0000000E+00
   0.1712540E+03   0.0000000E+00
   0.1713826E+03   0.0000000E+00
   0.1715113E+03   0.0000000E+00
   0.1716399E+03   0.0000000E+00
   0.1717685E+03   0.0000000E+00
   0.1718971E+03   0.0000000E+00
   0.1720257E+03   0.0000000E+00
   0.1721543E+03   0.0000000E+00
   0.1722830E+03   0.0000000E+00
   0.1724116E+03   0.0000000E+00
   0.1725402E+03   0.0000000E+00
   0.1726688E+03   0.0000000E+00
   0.1727974E+03   0.0000000E+00
   0.1729260E+03   0.0000000E+00
   0.1730547E+03   0.0000000E+00
   0.1731833E+03   0.0000000E+00
   0.1733119E+03   0.0000000E+00
   0.1734405E+03   0.0000000E+00
   0.1735691E+03   0.0000000E+00
   0.1736977E+03   0.0000000E+00
   0.1738264E+03   0.0000000E+00
   0.1739550E+03   0.0000000E+00
   0.1740836E+03   0.0000000E+00
   0.1742122E+03   0.0000000E+00
   0.1743408E+03   0.0000000E+00
   0.1744695E+03   0.0000000E+00
   0.1745981E+03   0.0000000E+00
   0.1747267E+03   0.0000000E+00
   0.1748553E+03   0.0000000E+00
   0.1749839E+03   0.0000000E+00
   0.1751125E+03   0.0000000E+00
   0.1752412E+03   0.0000000E+00
   0.1753698E+03   0.0000000E+00
   0.1754984E+03   0.0000000E+00
   0.1756270E+03   0.0000000E+00
   0.1757556E+03   0.0000000E+00
   0.1758842E+03   0.0000000E+00
   0.1760129E+03   0.0000000E+00
   0.1761415E+03   0.0000000E+00
   0.1762701E+03   0.0000000E+00
   0.1763987E+03   0.0000000E+00
   0.1765273E+03   0.0000000E+00
   0.1766559E+03   0.0000000E+00
   0.1767846E+03   0.0000000E+00
   0.1769132E+03   0.0000000E+00
   0.1770418E+03   0.0000000E+00
   0.1771704E+03   0.0000000E+00
   0.1772990E+03   0.0000000E+00
   0.1774277E+03   0.0000000E+00
   0.1775563E+03   0.0000000E+00
   0.1776849E+03   0.0000000E+00
   0.1778135E+03   0.0000000E+00
   0.1779421E+03   0.0000000E+00
   0.1780707E+03   0.0000000E+00
   0.1781994E+03   0.0000000E+00
   0.1783280E+03   0.0000000E+00
   0.1784566E+03   0.0000000E+00
   0.1785852E+03   0.0000000E+00
   0.1787138E+03   0.0000000E+00
   0.1788424E+03   0.0000000E+00
   0.1789711E+03   0.0000000E+00
   0.1790997E+03   0.0000000E+00
   0.1792283E+03   0.0000000E+00
   0.1793569E+03   0.0000000E+00
   0.1794855E+03   0.0000000E+00
   0.1796141E+03   0.0000000E+00
   0.1797428E+03   0.0000000E+00
   0.1798714E+03   0.0000000E+00
   0.1800000E+03   0.0000000E+00
