   -1.51800   43.52500
   -1.43400   43.51000
   -1.28700   43.49800
   -1.13500   43.52000
   -1.14000   43.48400
   -1.08000   43.51800
   -1.02300   43.50000
    -.95100   43.53000
    -.83900   43.54900
    -.77400   43.56900
    -.71900   43.53600
    -.65900   43.56400
    -.60700   43.54400
    -.52000   43.55300
    -.44300   43.59000
    -.40700   43.56300
    -.29100   43.56700
    -.23600   43.58100
  999.99900  999.99900
    -.09900   43.57800
    -.04100   43.60700
    -.00500   43.57700
     .02400   43.54300
     .09100   43.51100
     .13300   43.47200
     .14600   43.43300
     .17900   43.38500
     .24900   43.37000
     .30600   43.36700
     .33800   43.34000
     .39800   43.34300
     .44600   43.33900
     .51200   43.33200
     .61200   43.30600
  999.99900  999.99900
     .61200   43.30600
     .68300   43.33600
     .74400   43.37900
     .76100   43.41500
     .81800   43.41200
     .88100   43.40800
     .92700   43.39900
     .97000   43.37300
    1.00600   43.38200
    1.02800   43.40600
    1.04100   43.44200
    1.03400   43.47500
    1.07800   43.50100
    1.06000   43.53300
    1.12500   43.54700
    1.16400   43.56300
    1.20700   43.59100
    1.15000   43.61500
    1.11200   43.63500
    1.07700   43.65800
    1.06500   43.70100
    1.01600   43.72100
     .96800   43.76800
     .95700   43.78500
  999.99900  999.99900
     .95700   43.78500
     .91300   43.78400
     .92400   43.82900
     .89000   43.86600
     .87600   43.92000
     .83200   43.92100
     .76600   43.92800
     .79500   43.96900
     .82200   44.00700
     .83900   44.03100
     .83300   44.04700
     .75500   44.04200
     .74100   44.06900
  999.99900  999.99900
     .74100   44.06900
     .67600   44.03400
     .59900   44.07600
     .53400   44.05500
     .50300   44.05000
     .45200   44.04600
     .39100   44.02700
     .32300   44.01000
     .30100   43.99000
     .25100   44.00500
     .20400   44.01800
     .16100   43.97200
     .11800   43.98700
     .08000   43.98200
  999.99900  999.99900
     .08000   43.98200
     .06900   43.94000
     .04500   43.90300
     .01000   43.94600
    -.06100   43.96000
    -.11900   43.94000
    -.18000   43.93000
    -.23200   43.90100
    -.18900   43.87100
    -.20200   43.84900
    -.18900   43.80800
    -.21600   43.78100
    -.19500   43.74400
    -.24300   43.69000
    -.24400   43.65200
    -.27500   43.61500
    -.24100   43.59000
    -.23600   43.58100
  999.99900  999.99900
    -.09900   43.57800
    -.09000   43.53800
    -.04500   43.48900
    -.04200   43.46000
    -.05900   43.41500
    -.03100   43.42700
     .00700   43.41800
    -.00300   43.38100
     .01900   43.33500
    -.03300   43.30400
    -.02700   43.25300
    -.07200   43.20300
    -.10500   43.16400
    -.13700   43.13300
    -.18200   43.09300
    -.17800   43.04900
    -.26000   43.03500
    -.28600   42.98500
    -.28200   42.93100
    -.31400   42.88400
    -.31000   42.84800
  999.99900  999.99900
     .61200   43.30600
     .58100   43.25300
     .55600   43.20800
     .52000   43.19100
     .46300   43.12200
     .49600   43.10600
     .53700   43.08300
     .56700   43.03800
     .53500   43.01600
     .57500   43.02100
     .63200   42.99300
     .61300   42.93300
     .57100   42.86900
     .50400   42.87100
     .47000   42.84000
     .46400   42.76000
     .47200   42.72100
     .47900   42.70000
  999.99900  999.99900
     .95700   43.78500
    1.03200   43.79500
    1.10000   43.80300
    1.14500   43.81100
    1.18800   43.79200
    1.21000   43.76800
    1.27400   43.79500
    1.34900   43.81100
    1.33800   43.83400
    1.32600   43.85300
    1.36700   43.85900
    1.38600   43.88100
    1.45000   43.86700
    1.48200   43.90500
    1.51800   43.89800
    1.55100   43.91800
    1.56300   43.91600
  999.99900  999.99900
    1.56300   43.91600
    1.57100   43.86900
    1.61100   43.80900
    1.64800   43.77900
    1.67900   43.73200
    1.68700   43.70300
    1.70000   43.68800
    1.69900   43.63000
    1.73300   43.60400
    1.77400   43.59000
    1.84200   43.57200
    1.87100   43.53000
    1.94700   43.49000
    2.01600   43.48500
    2.04100   43.49700
    2.02900   43.46900
    2.02900   43.43500
  999.99900  999.99900
    2.02900   43.43500
    2.01500   43.41700
    1.95500   43.41700
    1.89600   43.39700
    1.85300   43.44100
    1.81700   43.40200
    1.80800   43.36500
    1.78800   43.34300
    1.74000   43.31700
    1.70800   43.27600
    1.69900   43.27600
  999.99900  999.99900
    1.69900   43.27600
    1.66100   43.24400
    1.57700   43.27800
    1.55600   43.27900
    1.50300   43.28900
    1.50400   43.23400
    1.42500   43.23000
    1.37000   43.30900
    1.31300   43.29500
    1.29500   43.26200
    1.32300   43.25200
    1.36900   43.20800
    1.30400   43.18800
    1.23500   43.17000
    1.28200   43.14500
    1.26800   43.10700
    1.21200   43.10400
    1.15300   43.13200
    1.08600   43.12900
    1.03500   43.10000
     .98900   43.10000
     .98400   43.06400
    1.00400   43.01400
     .95500   42.96500
     .88800   42.93300
     .82700   42.91100
     .86100   42.82300
  999.99900  999.99900
    2.02900   43.43500
    2.08200   43.39300
    2.17500   43.41400
    2.22200   43.42400
    2.27300   43.45000
    2.36700   43.42100
    2.43100   43.43100
    2.51200   43.43000
    2.58200   43.41900
  999.99900  999.99900
    2.58200   43.41900
    2.54900   43.37500
    2.60500   43.30400
    2.67700   43.31800
    2.69800   43.28200
    2.78100   43.27000
    2.81300   43.31800
    2.85700   43.37000
    2.89000   43.34300
    2.94500   43.31200
    3.00500   43.28300
    3.06900   43.26800
    3.14100   43.25500
    3.20100   43.24700
    3.24300   43.21700
  999.99900  999.99900
    1.69900   43.27600
    1.72400   43.22600
    1.72300   43.19000
    1.78100   43.15800
    1.85000   43.14400
    1.88300   43.14300
    1.92400   43.13100
    1.95600   43.08300
    1.95800   43.04600
    1.98800   42.99400
    1.99000   42.95600
    1.99300   42.90900
    1.96700   42.86300
    1.86500   42.83000
    1.92400   42.76800
    1.95000   42.74000
    2.04700   42.75000
    2.12400   42.72200
    2.17700   42.67800
    2.16800   42.66400
  999.99900  999.99900
    2.16800   42.66400
    2.05300   42.66600
    1.98700   42.64200
    1.90500   42.61500
    1.86400   42.58100
    1.79400   42.58300
  999.99900  999.99900
    2.16800   42.66400
    2.24500   42.67800
    2.31100   42.71100
    2.34900   42.75800
    2.33500   42.81400
    2.36500   42.84500
    2.50200   42.85100
    2.64700   42.83800
    2.73800   42.83200
    2.79300   42.89700
    2.88000   42.89900
    3.00600   42.85400
    3.04100   42.83800
  999.99900  999.99900
    2.58200   43.41900
    2.65100   43.46600
    2.67900   43.50900
    2.62600   43.55700
    2.63900   43.63500
    2.68300   43.65300
    2.74400   43.61800
    2.80900   43.63900
    2.89200   43.65800
    2.93600   43.69300
  999.99900  999.99900
    2.93600   43.69300
    3.03700   43.69000
    3.05000   43.71500
    3.07000   43.76400
    3.06000   43.81500
    3.12600   43.81400
    3.21500   43.81300
    3.25500   43.88000
    3.30900   43.89200
    3.36000   43.91000
  999.99900  999.99900
    3.36000   43.91000
    3.43600   43.89600
    3.44400   43.87100
    3.51600   43.89200
    3.56000   43.85500
    3.57200   43.86600
    3.62600   43.91600
    3.68900   43.93900
    3.73400   43.97300
    3.78800   43.95600
    3.83500   43.92500
    3.83300   43.86800
    3.91400   43.88600
    3.95900   43.84700
    3.98700   43.80600
    4.05800   43.77000
    4.11300   43.74600
    4.16600   43.70400
    4.15600   43.59600
    4.09000   43.59300
    4.10300   43.55300
  999.99900  999.99900
    1.99000   44.15000
    2.05500   44.18000
    2.09500   44.18300
    2.13900   44.20300
    2.18200   44.17500
    2.23500   44.16400
    2.19400   44.14100
    2.28800   44.12500
    2.39700   44.07800
    2.46000   44.05200
    2.50100   43.98700
    2.50100   43.94800
    2.55100   43.90200
    2.56400   43.85600
    2.60600   43.79500
    2.69900   43.74500
    2.78400   43.75000
    2.86800   43.73800
    2.93600   43.69300
  999.99900  999.99900
    1.99000   44.15000
    1.89800   44.15500
    1.85800   44.14500
    1.82900   44.10900
    1.79200   44.10400
    1.69700   44.12000
    1.66300   44.08100
    1.69500   44.04200
    1.65600   43.99300
    1.58100   43.95800
    1.58000   43.93600
    1.56300   43.91600
  999.99900  999.99900
    1.99000   44.15000
    1.96200   44.18400
    1.91000   44.18900
    1.90900   44.21300
    1.96000   44.26500
    1.88100   44.28500
    1.88200   44.33300
    1.88000   44.34100
  999.99900  999.99900
     .08000   43.98200
     .09300   44.07900
     .03300   44.13500
    -.14100   44.23100
  999.99900  999.99900
    -.14100   44.23100
    -.22100   44.27000
    -.39100   44.21000
    -.43600   44.32600
    -.57500   44.39000
    -.67700   44.45700
    -.83700   44.42400
   -1.00600   44.44100
   -1.09600   44.50800
   -1.25100   44.47000
  999.99900  999.99900
    -.14100   44.23100
    -.05000   44.27400
    -.05600   44.36600
    -.00900   44.41200
    -.00100   44.51900
     .06500   44.55200
     .14700   44.62100
     .16700   44.65500
     .09800   44.68700
     .13100   44.72200
     .21500   44.72800
     .27200   44.75400
     .29700   44.76000
  999.99900  999.99900
     .29700   44.76000
     .33400   44.70200
     .41400   44.64400
     .53200   44.67800
     .62400   44.69100
     .73100   44.67800
     .82300   44.68900
     .81500   44.62500
     .87400   44.61400
    1.01400   44.61400
    1.06900   44.57600
  999.99900  999.99900
    1.06900   44.57600
     .98700   44.52900
    1.04200   44.42800
    1.06200   44.37800
  999.99900  999.99900
     .74100   44.06900
     .80100   44.13300
     .88900   44.15800
     .86100   44.19600
     .93500   44.25300
     .91600   44.30200
     .88700   44.37300
     .97700   44.36000
    1.06200   44.37800
  999.99900  999.99900
    1.88000   44.34100
    1.78300   44.33100
    1.72800   44.31500
    1.64500   44.28700
    1.59100   44.30400
    1.57400   44.24100
    1.45700   44.27000
    1.31100   44.23200
    1.29800   44.29500
    1.21400   44.28100
    1.13300   44.31800
    1.09400   44.37200
    1.06200   44.37800
  999.99900  999.99900
    1.88000   44.34100
    1.88700   44.38200
    1.84800   44.44700
    1.88900   44.50600
    1.96400   44.52800
    2.07700   44.58600
    2.19100   44.59000
    2.20700   44.62000
  999.99900  999.99900
    2.20700   44.62000
    2.27600   44.66700
    2.35900   44.64300
    2.48900   44.65500
    2.56600   44.77900
    2.62700   44.87300
    2.70500   44.91100
    2.75400   44.92700
    2.79900   44.87300
    2.85600   44.83700
    2.92400   44.79400
    2.91700   44.75600
    2.97800   44.65400
  999.99900  999.99900
    2.97800   44.65400
    3.08200   44.51500
    3.14600   44.43600
    3.12800   44.39100
    3.15300   44.33000
    3.13900   44.26600
    3.23300   44.23100
    3.28900   44.20000
    3.38300   44.16900
  999.99900  999.99900
    3.38300   44.16900
    3.32600   44.10800
    3.34000   44.05900
    3.40000   44.05900
    3.41600   43.99200
    3.35000   43.93200
    3.36000   43.91000
  999.99900  999.99900
    3.38300   44.16900
    3.50900   44.12800
    3.65100   44.14500
    3.68900   44.18100
    3.82200   44.13500
    3.92400   44.18500
    3.93700   44.19400
    3.95900   44.27100
    3.95600   44.32500
    3.90800   44.40000
    3.99800   44.46800
  999.99900  999.99900
    3.99800   44.46800
    3.91700   44.59800
    3.86400   44.71300
    3.86500   44.74700
  999.99900  999.99900
    3.99800   44.46800
    4.05900   44.39300
    4.09800   44.33400
    4.18500   44.30000
    4.28800   44.32000
    4.40000   44.32600
    4.45400   44.31200
    4.54700   44.32400
    4.65300   44.26900
  999.99900  999.99900
    4.65300   44.26900
    4.65200   44.33600
  999.99900  999.99900
    4.65300   44.26900
    4.71000   44.20500
    4.73000   44.08100
    4.81700   44.03700
    4.81700   43.98700
    4.74100   43.92200
  999.99900  999.99900
    4.74100   43.92200
    4.64800   43.84900
    4.64500   43.77300
    4.60100   43.68700
    4.49200   43.70100
    4.44800   43.61100
    4.42800   43.58400
    4.37400   43.55000
    4.30900   43.54300
    4.23000   43.46000
  999.99900  999.99900
    4.74100   43.92200
    4.99500   43.85500
    5.21000   43.74100
    5.34500   43.71500
    5.52600   43.65800
    5.69400   43.69100
    5.75100   43.72100
  999.99900  999.99900
    5.75100   43.72100
    5.75800   43.73000
  999.99900  999.99900
    5.75100   43.72100
    5.79600   43.65700
    5.68000   43.60700
    5.71200   43.55000
    5.69000   43.48000
    5.78800   43.41900
    5.68200   43.39700
    5.69000   43.33000
    5.76100   43.28000
    5.70700   43.24100
    5.67000   43.18200
  999.99900  999.99900
    5.75800   43.73000
    5.86200   43.72100
    5.94200   43.74500
    5.98900   43.69900
    6.06200   43.70100
    6.20000   43.78100
    6.36400   43.73700
    6.47900   43.79700
    6.54600   43.77300
    6.63600   43.77900
  999.99900  999.99900
    6.63600   43.77900
    6.71800   43.73700
    6.76300   43.65800
    6.83900   43.62000
    6.91700   43.59800
    6.89600   43.52700
    6.93300   43.47700
  999.99900  999.99900
    6.63600   43.77900
    6.68400   43.85000
    6.75800   43.87000
    6.94500   43.89700
    6.85100   43.95000
    6.77200   44.02600
    6.70400   44.15600
    6.71600   44.22200
    6.76000   44.27900
    6.81800   44.33600
    6.88900   44.36300
  999.99900  999.99900
    5.68300   44.19400
    5.80200   44.21600
    5.92000   44.20700
    5.83100   44.27800
    5.90700   44.25600
    5.93000   44.29700
    5.91000   44.34000
    6.02800   44.43300
    6.07900   44.47000
    6.16500   44.43200
    6.26100   44.41400
    6.32600   44.46500
    6.38500   44.50200
    6.46700   44.46500
    6.55800   44.44600
    6.64100   44.48700
    6.72800   44.55300
    6.79300   44.59400
    6.87100   44.63000
    6.95500   44.65700
  999.99900  999.99900
    5.68300   44.19400
    5.69300   44.26200
    5.61200   44.30900
    5.52400   44.35100
    5.44900   44.39400
    5.48000   44.42000
    5.46200   44.49900
    5.60200   44.46700
    5.66600   44.50400
    5.64700   44.62700
    5.74300   44.64500
    5.83100   44.68900
    5.80800   44.71200
  999.99900  999.99900
    5.80800   44.71200
    5.92600   44.75500
    6.06200   44.81700
    6.27000   44.86700
    6.35600   44.88200
    6.32700   44.97300
    6.20200   45.01700
    6.24500   45.11600
    6.26300   45.12400
  999.99900  999.99900
    6.26300   45.12400
    6.36800   45.07000
    6.49600   45.06800
    6.57600   45.11900
    6.63000   45.11000
  999.99900  999.99900
    6.26300   45.12400
    6.15800   45.15300
    6.13400   45.24200
    6.19600   45.35300
    6.13300   45.43500
    5.97700   45.48900
    5.90900   45.40000
    5.74500   45.44000
    5.67600   45.55400
    5.62600   45.61500
  999.99900  999.99900
    5.62600   45.61500
    5.69100   45.66600
    5.77800   45.72600
    5.79000   45.82300
    5.82600   45.93500
    5.83200   45.93900
  999.99900  999.99900
    5.50100   44.11700
    5.54400   44.06800
    5.51800   43.94000
    5.58400   43.91300
    5.58000   43.86500
    5.56900   43.82300
    5.69900   43.77900
    5.75800   43.73000
  999.99900  999.99900
    5.50100   44.11700
    5.56900   44.16800
    5.64200   44.16700
    5.65200   44.16900
    5.68300   44.19400
  999.99900  999.99900
    5.50100   44.11700
    5.41700   44.15300
    5.36300   44.21500
    5.26000   44.23400
    5.16500   44.25200
    5.17700   44.30500
    5.09100   44.28600
    4.94000   44.26900
    4.84900   44.24300
    4.78800   44.30800
    4.68700   44.32300
    4.65200   44.33600
  999.99900  999.99900
    5.02700   44.41700
    4.91700   44.40800
    4.88000   44.33000
    5.01900   44.32700
    5.07000   44.38000
    5.02700   44.41700
  999.99900  999.99900
    4.65200   44.33600
    4.70300   44.48000
    4.71000   44.56500
    4.76900   44.69800
    4.80900   44.81200
    4.86100   44.89900
    4.84100   45.03300
    4.80900   45.12500
    4.80300   45.24100
    4.79900   45.30100
  999.99900  999.99900
    4.75100   45.37300
    4.79900   45.30100
  999.99900  999.99900
    4.75100   45.37300
    4.75300   45.44600
  999.99900  999.99900
    4.75100   45.37300
    4.61900   45.29200
    4.56800   45.24400
    4.50800   45.23300
    4.47800   45.23600
  999.99900  999.99900
    4.79900   45.30100
    4.96400   45.33300
    5.05900   45.31500
    5.11500   45.24500
    5.18300   45.23300
    5.17100   45.18600
    5.16700   45.10800
    5.22900   45.07700
    5.33700   45.06000
    5.41400   45.04200
    5.46900   45.04700
    5.48000   44.89200
    5.47700   44.81600
    5.48300   44.78700
    5.58000   44.77900
    5.71100   44.72500
    5.80800   44.71200
  999.99900  999.99900
    3.86500   44.74700
    3.91400   44.77700
    3.98600   44.81800
    4.01600   44.83000
    4.08300   44.86900
    4.21900   44.96100
    4.30900   44.98600
    4.38000   45.04700
    4.38600   45.09900
    4.42700   45.12700
    4.44500   45.13500
    4.47800   45.23600
  999.99900  999.99900
    3.86500   44.74700
    3.76500   44.80300
    3.65600   44.83800
    3.59900   44.87800
    3.56300   44.83600
    3.45900   44.84500
    3.38900   44.95400
    3.36400   44.96700
  999.99900  999.99900
    3.36400   44.96700
    3.28100   44.92700
    3.24800   44.91600
    3.18700   44.86400
    3.10100   44.88100
    3.07200   44.82200
    3.04100   44.71500
    2.97800   44.65400
  999.99900  999.99900
    4.47800   45.23600
    4.38700   45.26000
    4.32900   45.31400
    4.28800   45.36600
    4.23900   45.38100
    4.15400   45.37700
    4.09400   45.35800
    4.02300   45.34800
    3.94700   45.37400
    3.90500   45.33800
    3.89600   45.36100
  999.99900  999.99900
    3.89600   45.36100
    3.80800   45.38900
    3.74000   45.35200
    3.66000   45.36200
    3.56500   45.40300
    3.46400   45.40100
    3.31900   45.39500
    3.23000   45.39500
    3.13800   45.35700
    3.10700   45.35400
  999.99900  999.99900
    3.10700   45.35400
    3.09000   45.30000
    3.14000   45.28700
    3.21200   45.28300
    3.25600   45.21700
    3.28000   45.16100
    3.32800   45.11600
    3.31100   45.09800
    3.30500   45.08300
    3.32400   45.02900
    3.36700   45.00500
    3.36400   44.96700
  999.99900  999.99900
    3.10700   45.35400
    3.05400   45.30500
    2.89900   45.36800
    2.81700   45.39100
    2.69800   45.39200
    2.62300   45.44900
    2.55600   45.46700
    2.50800   45.48100
  999.99900  999.99900
    2.50800   45.48100
    2.48300   45.37700
    2.35200   45.41200
    2.31800   45.32200
    2.18700   45.20200
    2.19700   45.14100
    2.15600   45.08700
    2.13800   45.00400
    2.06000   44.97700
  999.99900  999.99900
    2.06000   44.97700
    2.07700   44.88600
    2.16900   44.79000
    2.13500   44.69500
    2.17400   44.63700
    2.20700   44.62000
  999.99900  999.99900
    2.06000   44.97700
    1.87600   44.95900
    1.78100   44.93300
    1.73200   44.96000
    1.64200   45.02200
    1.53100   45.04700
    1.44800   45.01700
  999.99900  999.99900
    1.44800   45.01700
    1.41200   44.91000
    1.39900   44.86200
    1.32800   44.80700
    1.31000   44.74000
    1.23900   44.69400
    1.12000   44.61100
    1.06900   44.57600
  999.99900  999.99900
    1.44800   45.01700
    1.39300   45.09300
    1.31800   45.14100
    1.26900   45.20200
    1.27700   45.25800
    1.23600   45.30200
    1.31300   45.35600
    1.27100   45.39800
    1.29200   45.43100
    1.25500   45.44800
  999.99900  999.99900
    1.25500   45.44800
    1.17700   45.45800
    1.16000   45.52200
    1.03800   45.59000
     .90400   45.60700
     .80600   45.57700
     .76400   45.63300
     .69200   45.69000
     .62900   45.70800
  999.99900  999.99900
     .62900   45.70800
     .53700   45.63200
     .50800   45.55800
     .38200   45.48600
     .31400   45.43700
     .22800   45.28900
     .10000   45.22500
     .00500   45.19100
  999.99900  999.99900
     .00500   45.19100
    -.03700   45.10600
  999.99900  999.99900
    -.03700   45.10600
     .02600   44.98000
    -.02900   44.85500
     .11100   44.82500
     .24700   44.87300
     .27100   44.79800
     .29700   44.76000
  999.99900  999.99900
    -.03700   45.10600
    -.14300   45.09200
    -.27900   45.14800
    -.38400   45.14800
    -.42700   45.25200
    -.56000   45.29500
    -.61600   45.32200
    -.71300   45.32800
  999.99900  999.99900
     .00500   45.19100
    -.11800   45.24300
    -.14800   45.30000
    -.22900   45.31800
    -.28800   45.32700
    -.24600   45.35900
    -.30700   45.38700
    -.23400   45.40600
    -.26600   45.45400
    -.24200   45.49000
    -.28300   45.52100
    -.29600   45.56300
    -.38500   45.62700
    -.40900   45.68100
    -.42100   45.73700
    -.40500   45.77000
    -.29700   45.80000
    -.20500   45.77300
    -.15900   45.79600
    -.12600   45.85900
    -.14600   45.90000
    -.11300   45.92700
    -.10200   45.95400
    -.10200   45.96500
  999.99900  999.99900
    3.89600   45.36100
    3.91900   45.42600
    3.96800   45.45000
    3.98900   45.49100
    3.94000   45.57200
    3.86400   45.61500
    3.81600   45.65500
    3.77000   45.73400
    3.73000   45.77700
    3.71900   45.81200
    3.71800   45.85300
    3.73300   45.87100
    3.73900   45.91000
    3.69100   45.93400
  999.99900  999.99900
    4.75300   45.44600
    4.67800   45.47600
    4.67000   45.55000
    4.65600   45.56600
    4.59400   45.57300
    4.50500   45.57400
    4.43400   45.62400
    4.36400   45.67800
    4.40000   45.74400
    4.37300   45.80000
    4.37800   45.84300
    4.35800   45.86400
    4.33400   45.93500
    4.28600   45.97500
    4.31400   45.99600
    4.25300   46.04900
    4.32500   46.12300
    4.36700   46.14600
    4.44000   46.18200
    4.41300   46.22100
    4.38900   46.23100
  999.99900  999.99900
    4.75300   45.44600
    4.83300   45.49700
    4.83200   45.54400
    4.83200   45.59300
    4.99400   45.59900
    5.04300   45.61400
    5.08500   45.67500
    5.14500   45.72300
    5.07900   45.77400
    5.09500   45.81300
  999.99900  999.99900
    5.09500   45.81300
    5.18800   45.78500
    5.27800   45.80500
    5.33400   45.86500
    5.42200   45.84000
    5.44900   45.78500
    5.55000   45.71200
    5.57900   45.66900
    5.62600   45.61500
  999.99900  999.99900
    5.09500   45.81300
    5.00600   45.80900
    4.91100   45.85500
    4.88600   45.88400
    4.81400   45.91200
    4.73300   45.94100
    4.74600   46.01800
    4.76300   46.07200
    4.79600   46.13600
    4.78500   46.17500
  999.99900  999.99900
    4.38900   46.23100
    4.32200   46.17700
    4.26400   46.18900
    4.18600   46.18100
    4.08300   46.19500
    3.98400   46.17700
    3.89900   46.20600
    3.91100   46.25900
    3.89400   46.27700
  999.99900  999.99900
    3.69100   45.93400
    3.71200   45.97700
    3.82500   45.98900
    3.80600   46.10700
    3.80600   46.16100
    3.77400   46.23800
    3.83400   46.25700
    3.89400   46.27700
  999.99900  999.99900
    3.69100   45.93400
    3.62300   45.98500
    3.54700   46.01900
    3.46700   46.01200
    3.36900   46.05900
    3.28100   46.07000
    3.19600   46.07900
    3.12600   46.06700
    3.05400   46.10100
    2.95100   46.14400
    2.91400   46.18900
    2.93500   46.23500
    2.83500   46.24700
    2.74100   46.22300
    2.68200   46.16900
    2.61800   46.12200
    2.56600   46.14000
  999.99900  999.99900
    2.48900   45.74000
    2.42600   45.76900
    2.39700   45.84100
    2.44600   45.85800
    2.50200   45.87700
    2.55300   45.91700
    2.57300   45.95100
    2.59000   46.00000
    2.55200   46.08000
    2.56600   46.14000
  999.99900  999.99900
    2.50800   45.48100
    2.48900   45.56100
    2.48900   45.64400
    2.51600   45.67800
    2.48900   45.74000
  999.99900  999.99900
    2.48900   45.74000
    2.44300   45.70800
    2.34100   45.69000
    2.30300   45.67700
    2.24100   45.69400
    2.19500   45.71400
    2.13700   45.72600
    2.08800   45.73000
    2.03300   45.75300
    1.96000   45.72600
    1.91100   45.69500
    1.90200   45.69500
  999.99900  999.99900
    1.90200   45.69500
    1.87700   45.66800
    1.82100   45.66500
    1.75700   45.65800
    1.66400   45.61100
    1.58300   45.55700
    1.52200   45.56800
    1.48500   45.55700
    1.43800   45.51700
    1.36700   45.48900
    1.28800   45.48000
    1.25500   45.44800
  999.99900  999.99900
   -1.11500   46.32100
   -1.04900   46.34900
    -.96500   46.36500
    -.94500   46.33600
    -.89100   46.31900
    -.81700   46.34000
    -.75400   46.30400
  999.99900  999.99900
    -.75400   46.30400
    -.72000   46.23500
    -.69000   46.18700
    -.61700   46.16300
    -.62500   46.13900
    -.56800   46.14100
    -.51700   46.10900
    -.41400   46.11400
    -.37900   46.09700
    -.29700   46.08800
    -.24000   46.05200
    -.17700   46.03200
    -.14000   46.00200
    -.10200   45.96500
  999.99900  999.99900
    -.10200   45.96500
    -.04500   46.00800
     .00200   46.05400
     .07500   46.08800
     .19700   46.09400
  999.99900  999.99900
     .19700   46.09400
     .24700   46.07000
     .34500   46.06400
     .41100   46.05400
     .47600   46.08500
     .46700   46.12300
     .51800   46.11400
     .58400   46.07900
     .62500   46.09300
     .67900   46.11400
     .78200   46.13600
     .81400   46.13600
  999.99900  999.99900
     .81400   46.13600
     .83200   46.18600
     .78700   46.21400
     .84200   46.24100
     .90000   46.28200
     .99700   46.27800
    1.02500   46.31500
    1.06600   46.35900
    1.14000   46.37900
    1.18100   46.39000
  999.99900  999.99900
    1.18100   46.39000
    1.22100   46.37100
    1.31300   46.39400
    1.39900   46.36100
    1.41100   46.35000
  999.99900  999.99900
    1.41100   46.35000
    1.49000   46.38900
    1.54100   46.41400
    1.59600   46.42000
    1.63400   46.38100
    1.73300   46.39200
    1.75700   46.43900
    1.81700   46.42500
    1.88700   46.43500
    1.97800   46.43900
    2.07600   46.41000
    2.16600   46.42700
  999.99900  999.99900
    2.16600   46.42700
    2.23100   46.42100
    2.25700   46.42000
  999.99900  999.99900
    2.25700   46.42000
    2.30700   46.36900
    2.31500   46.32500
    2.35800   46.30600
    2.42000   46.27200
    2.46700   46.28600
    2.51200   46.23800
    2.54500   46.17500
    2.56600   46.14000
  999.99900  999.99900
     .62900   45.70800
     .69300   45.76200
     .72100   45.80500
     .76500   45.80300
     .78100   45.81800
     .81100   45.87400
     .81300   45.92900
     .88600   45.92500
     .92100   45.95000
     .93000   45.99400
     .88100   46.03200
     .81400   46.05300
     .82500   46.11200
     .81400   46.13600
  999.99900  999.99900
    1.90200   45.69500
    1.86900   45.72500
    1.89800   45.77100
    1.83400   45.82500
    1.79100   45.83300
    1.75100   45.86500
    1.68600   45.84300
    1.60900   45.86400
    1.61700   45.88100
    1.63200   45.90700
    1.62300   45.93600
    1.57800   45.91800
    1.53000   45.92800
    1.55000   45.96400
    1.53000   46.00600
    1.49800   46.09300
    1.50400   46.12900
    1.46100   46.16300
    1.39400   46.18700
    1.41000   46.24100
    1.42800   46.28200
    1.44200   46.33600
    1.41100   46.35000
  999.99900  999.99900
    2.25700   46.42000
    2.31000   46.46800
    2.39800   46.51900
    2.48300   46.53300
    2.55600   46.53800
    2.56100   46.61000
    2.61500   46.65300
    2.63000   46.69200
    2.70300   46.74000
    2.74300   46.71700
    2.84200   46.74800
    2.95200   46.79600
    3.03100   46.79700
  999.99900  999.99900
    3.03100   46.79700
    3.18700   46.68700
    3.26100   46.71600
    3.37400   46.71600
    3.43200   46.69800
    3.47200   46.66100
    3.54600   46.68100
    3.55700   46.71800
    3.60200   46.75400
    3.63500   46.73600
  999.99900  999.99900
    3.63500   46.73600
    3.66700   46.67500
    3.72100   46.62400
    3.74300   46.56800
    3.83800   46.53400
    3.90600   46.49400
    3.96700   46.48300
    3.99500   46.43400
    3.97800   46.39100
    4.00600   46.32600
    3.90000   46.29700
    3.89400   46.27700
  999.99900  999.99900
    4.38900   46.23100
    4.45300   46.30000
    4.54200   46.26800
    4.61800   46.26300
    4.70900   46.27200
    4.73200   46.23800
    4.74200   46.17400
    4.78500   46.17500
  999.99900  999.99900
    4.78500   46.17500
    4.83200   46.28500
    4.89300   46.43800
    4.94800   46.50700
    5.13200   46.51000
    5.25200   46.46100
    5.31100   46.45200
  999.99900  999.99900
    5.31100   46.45200
    5.36500   46.39400
    5.40300   46.34000
    5.44700   46.31700
    5.46100   46.29100
    5.51600   46.26500
    5.62800   46.33100
    5.71500   46.31100
    5.71900   46.26100
    5.89900   46.28800
    6.03800   46.40700
    6.07800   46.42000
  999.99900  999.99900
    5.83200   45.93900
    5.80900   46.04700
    5.86500   46.08700
    5.92900   46.13100
    5.97100   46.15000
  999.99900  999.99900
    5.25000   46.98200
    5.32900   46.90000
    5.39500   46.86900
    5.45500   46.84400
    5.34000   46.82400
    5.37300   46.78900
    5.39600   46.73000
    5.41200   46.66600
    5.40100   46.61100
    5.35500   46.54200
    5.41800   46.48000
    5.31100   46.45200
  999.99900  999.99900
    5.70400   47.27000
    5.78500   47.19400
    5.81200   47.15200
    5.79200   47.10400
    5.76300   47.05000
    5.75400   47.03500
    5.80300   47.05100
    5.90300   47.00100
    5.93300   46.98800
    5.95800   46.95500
    6.00400   46.88000
    6.05100   46.84900
    6.17900   46.80000
    6.06900   46.69000
    6.13600   46.55400
    6.14400   46.56100
  999.99900  999.99900
    5.70400   47.27000
    5.59500   47.26900
    5.52000   47.30800
  999.99900  999.99900
    5.52000   47.30800
    5.45800   47.20700
    5.44200   47.14600
    5.35400   47.08700
    5.31900   47.01900
    5.25000   46.98200
  999.99900  999.99900
    5.70400   47.27000
    5.79000   47.29900
    5.90500   47.33900
    6.00100   47.34600
    6.10900   47.37500
    6.14200   47.40900
    6.19900   47.42000
    6.26900   47.45500
    6.30900   47.48600
    6.35900   47.51200
    6.45700   47.52100
    6.52800   47.49600
    6.56900   47.53500
    6.66400   47.54800
    6.69500   47.57700
    6.79700   47.55000
    6.81200   47.55800
  999.99900  999.99900
    6.81200   47.55800
    6.91700   47.53600
    6.93100   47.50400
    6.94000   47.43800
  999.99900  999.99900
    5.25000   46.98200
    5.18300   46.97800
    5.06400   46.96900
    4.88900   46.96900
    4.61600   46.94900
    4.56200   47.02400
    4.43600   47.04400
    4.36200   47.06500
    4.25900   47.11900
    4.20700   47.15900
  999.99900  999.99900
    4.20700   47.15900
    4.18900   47.15000
  999.99900  999.99900
    4.18900   47.15000
    4.11900   47.13700
  999.99900  999.99900
    4.11900   47.13700
    4.17500   47.13200
    4.18900   47.15000
  999.99900  999.99900
    4.11900   47.13700
    4.07500   47.12600
    4.05900   47.01800
    4.03500   46.98600
    4.09200   46.88000
    4.06700   46.78400
    3.94500   46.75500
    3.83600   46.71100
    3.66200   46.73500
    3.63500   46.73600
  999.99900  999.99900
    3.08600   50.05400
    3.00300   50.07600
    2.94200   50.04800
    2.87600   50.02100
    2.87400   50.04600
    2.83400   50.06300
    2.78200   50.04900
    2.75700   50.06900
    2.73100   50.12300
    2.71800   50.09100
    2.57600   50.11100
    2.54200   50.13600
    2.44800   50.12700
    2.38400   50.13500
    2.49600   50.19700
    2.38000   50.20700
    2.33100   50.21500
    2.20300   50.21600
    2.11400   50.20300
    2.06400   50.25500
    1.94400   50.32900
    1.80300   50.36200
    1.65000   50.34200
    1.60800   50.36900
  999.99900  999.99900
    3.08600   50.05400
    3.11100   50.10400
    3.11200   50.16400
    3.18400   50.22300
    3.05500   50.28000
    3.06500   50.30000
    3.00200   50.38100
    3.07900   50.43700
    3.02600   50.47100
    2.83000   50.52600
    2.80900   50.56800
    2.86800   50.63000
    2.78300   50.63200
    2.67400   50.62200
    2.56100   50.62500
    2.38300   50.67000
    2.34200   50.73800
    2.36600   50.77200
    2.23000   50.80500
    2.14400   50.96000
    2.09800   51.00200
  999.99900  999.99900
    2.99400   50.13400
    3.07700   50.13200
    3.05600   50.16100
    2.99400   50.13400
  999.99900  999.99900
    3.08600   50.05400
    3.17400   50.01300
  999.99900  999.99900
    3.17400   50.01300
    3.16600   49.94900
    3.07000   49.87700
    3.08500   49.81600
    3.10600   49.73000
    3.12200   49.70600
  999.99900  999.99900
    3.12200   49.70600
    3.05900   49.70400
    2.99400   49.70800
    2.94000   49.67400
    2.88600   49.71400
    2.87500   49.68400
    2.79800   49.66100
    2.72900   49.63000
    2.65100   49.56900
    2.58000   49.58900
    2.51900   49.62800
    2.45800   49.63700
    2.33400   49.67000
    2.24300   49.70200
    2.13500   49.69000
    2.06300   49.68800
    2.00400   49.71700
    1.93500   49.71700
    1.82500   49.72200
    1.79400   49.75000
    1.77900   49.75900
  999.99900  999.99900
    1.77900   49.75900
    1.69800   49.89600
    1.57700   49.97400
    1.45800   50.07200
    1.38600   50.06900
  999.99900  999.99900
    3.17400   50.01300
    3.28300   50.02400
    3.39500   50.03000
    3.52700   50.04300
    3.63500   50.03900
    3.74400   50.05400
    3.87500   50.03400
    3.97900   49.99400
    4.14600   49.97700
  999.99900  999.99900
    4.22600   49.96000
    4.21100   49.78200
    4.22000   49.72100
    4.12700   49.67500
    4.02700   49.62000
    4.07600   49.57200
    4.07900   49.52400
    4.03600   49.47200
    4.05600   49.40900
  999.99900  999.99900
    4.05600   49.40900
    4.21100   49.39100
    4.29700   49.35100
    4.37800   49.31100
    4.59800   49.29000
    4.69200   49.25700
    4.78500   49.24200
    4.87700   49.26700
    4.92100   49.24700
    4.96000   49.23800
  999.99900  999.99900
    4.96000   49.23800
    5.05000   49.28300
    5.05700   49.35600
    5.08500   49.40300
    5.08700   49.48400
    5.15200   49.58800
    5.27000   49.54500
    5.39100   49.61600
  999.99900  999.99900
    4.96000   49.23800
    5.00600   49.06100
    4.99400   48.98600
    4.96200   48.92500
    4.91500   48.88700
    4.89000   48.79900
    4.99900   48.71500
    4.98500   48.68600
  999.99900  999.99900
    4.98500   48.68600
    5.05600   48.63500
    5.14600   48.56100
    5.29300   48.50900
    5.39500   48.45100
    5.46000   48.42100
  999.99900  999.99900
    5.46000   48.42100
    5.58600   48.44300
    5.70200   48.46100
    5.75900   48.49700
  999.99900  999.99900
    5.75900   48.49700
    5.71700   48.59100
    5.76400   48.62800
    5.74900   48.75200
    5.77100   48.81800
    5.74000   48.92000
    5.83200   48.97700
    5.85100   49.04300
    5.76100   49.10800
    5.72300   49.19800
    5.76700   49.31300
    5.71500   49.38200
    5.59700   49.41800
    5.48400   49.38600
    5.48100   49.42600
    5.47900   49.48300
    5.48100   49.50100
  999.99900  999.99900
    5.75900   48.49700
    5.87800   48.45700
    5.92300   48.43400
    5.91900   48.39400
    5.98500   48.35400
    6.06900   48.37800
    6.13600   48.36600
    6.25800   48.41000
    6.37500   48.41500
    6.47000   48.41200
    6.57300   48.44700
    6.69700   48.42500
    6.81300   48.40300
    7.04600   48.50100
    7.10300   48.51700
  999.99900  999.99900
    7.10300   48.51700
    7.11800   48.48900
    7.07400   48.36100
    7.18600   48.33700
    7.19800   48.31700
  999.99900  999.99900
    7.19800   48.31700
    7.38000   48.23900
    7.52000   48.12700
    7.57900   48.12000
  999.99900  999.99900
    7.10300   48.51700
    7.06600   48.53800
  999.99900  999.99900
    7.06600   48.53800
    7.26200   48.59900
    7.25600   48.70200
    7.22100   48.83200
    7.12000   48.81500
    7.04600   48.82400
    7.05200   48.87300
    6.94700   48.93700
    7.05900   49.01200
    7.09300   49.07800
    7.16900   49.00700
    7.36300   48.95900
    7.52300   48.94900
    7.61100   49.03000
    7.64000   49.05100
  999.99900  999.99900
    7.06600   48.53800
    7.00500   48.61200
    6.80000   48.64700
    6.67200   48.69500
    6.52700   48.75300
    6.34500   48.80800
    6.29000   48.85000
    6.31700   48.89700
    6.22000   48.93800
    6.11100   48.96900
    5.98700   49.04300
    5.94200   49.08300
    5.99300   49.13200
    5.98100   49.18900
    6.00700   49.30400
    5.97600   49.35100
    5.94600   49.48200
    5.90300   49.49800
  999.99900  999.99900
    7.19800   48.31700
    7.05200   48.13700
    6.92500   47.95100
    6.85400   47.82900
  999.99900  999.99900
    6.85400   47.82900
    6.82100   47.82700
  999.99900  999.99900
    6.85400   47.82900
    7.03600   47.71800
    6.99800   47.60600
    7.09900   47.57100
    7.13100   47.50800
  999.99900  999.99900
    6.82100   47.82700
    6.78200   47.69700
    6.79600   47.60100
    6.81200   47.55800
  999.99900  999.99900
    6.82100   47.82700
    6.60700   47.95000
    6.45200   47.91000
    6.22100   47.93600
    6.17100   47.95300
    6.10600   48.01200
    6.02000   47.97600
    5.97000   47.94800
    5.91500   47.97000
    5.88900   47.93200
  999.99900  999.99900
    5.88900   47.93200
    5.82100   47.87300
    5.68700   47.81200
    5.68900   47.74300
    5.67500   47.68800
    5.59700   47.66600
    5.48000   47.68700
    5.37300   47.61200
  999.99900  999.99900
    5.37300   47.61200
    5.49300   47.58800
    5.43600   47.49500
    5.40600   47.48100
    5.44200   47.45300
    5.49000   47.36100
    5.52000   47.30800
  999.99900  999.99900
    5.88900   47.93200
    5.77800   47.98300
    5.71900   48.04500
    5.64300   48.07700
    5.67600   48.14100
    5.67500   48.23000
    5.54000   48.31100
    5.42100   48.33100
    5.46000   48.42100
  999.99900  999.99900
    5.37300   47.61200
    5.27500   47.58500
    5.21900   47.63600
    5.14300   47.66100
    5.06400   47.67000
    5.01200   47.71300
    4.96800   47.73500
    4.91800   47.77200
    4.99000   47.81100
    4.93700   47.87600
    4.83100   47.92100
    4.81500   47.96200
    4.78900   48.00900
    4.70600   48.02600
  999.99900  999.99900
    4.70600   48.02600
    4.57000   48.02600
    4.47900   47.96700
    4.29500   47.92400
  999.99900  999.99900
    4.70600   48.02600
    4.70500   48.09500
    4.83100   48.13100
    4.85100   48.23900
    4.82600   48.30500
    4.77400   48.35200
    4.68600   48.41900
    4.65800   48.50900
    4.66900   48.53300
  999.99900  999.99900
    4.66900   48.53300
    4.81700   48.57100
    4.83400   48.58700
    4.79300   48.67400
    4.93300   48.67400
    4.98500   48.68600
  999.99900  999.99900
    4.66900   48.53300
    4.55400   48.54000
    4.49400   48.54100
    4.33100   48.63300
    4.32100   48.68100
    4.23100   48.70300
    4.06800   48.67900
    3.94100   48.60800
    3.82400   48.51400
    3.65200   48.53500
    3.57800   48.60800
    3.54800   48.62000
  999.99900  999.99900
    3.54800   48.62000
    3.45100   48.63800
    3.47400   48.70200
    3.40800   48.75200
    3.41600   48.82100
    3.48500   48.83000
    3.48100   48.85300
  999.99900  999.99900
    3.48100   48.85300
    3.57300   48.94100
    3.67800   49.01700
    3.62900   49.07500
    3.68900   49.15700
    3.70000   49.18600
    3.65400   49.21600
    3.64600   49.29300
    3.74100   49.35300
    3.86400   49.35500
    3.93200   49.40800
    4.02000   49.36200
    4.05600   49.40900
  999.99900  999.99900
    3.06800   49.11300
    3.11400   49.15300
    3.10300   49.19400
    3.06600   49.19500
    3.01200   49.18900
    3.01600   49.18200
    2.95900   49.22400
    2.98700   49.20800
    3.02800   49.27400
    2.99000   49.28500
    2.98500   49.33000
    3.07700   49.37300
    3.12000   49.42900
    3.11000   49.48000
    3.13300   49.55500
    3.09500   49.65100
    3.12200   49.70600
  999.99900  999.99900
    3.48100   48.85300
    3.40700   48.86300
    3.37500   48.91700
    3.26800   48.94100
    3.18700   49.01100
    3.17700   49.06800
    3.06800   49.11300
  999.99900  999.99900
    3.06800   49.11300
    2.97100   49.08900
    2.82400   49.08400
    2.74000   49.06700
    2.59300   49.07600
    2.59300   49.07600
  999.99900  999.99900
    2.59300   49.07600
    2.58800   49.04500
    2.55500   49.00600
  999.99900  999.99900
    2.55500   49.00600
    2.60500   48.93800
    2.57200   48.87500
    2.60300   48.80200
    2.59500   48.79300
  999.99900  999.99900
    2.59500   48.79300
    2.61900   48.75700
    2.58300   48.69700
    2.57700   48.69200
  999.99900  999.99900
    2.57700   48.69200
    2.51300   48.73600
    2.41700   48.71700
    2.31000   48.74900
  999.99900  999.99900
    2.31000   48.74900
    2.27600   48.73400
    2.22200   48.76400
  999.99900  999.99900
    2.22200   48.76400
    2.15200   48.82200
    2.17200   48.90100
    2.20100   48.91200
  999.99900  999.99900
    2.20100   48.91200
    2.31700   48.95000
  999.99900  999.99900
    2.31700   48.95000
    2.32000   48.90500
  999.99900  999.99900
    2.31700   48.95000
    2.40100   48.96800
    2.55500   49.00600
  999.99900  999.99900
    2.42000   48.84800
    2.58700   48.79500
    2.59500   48.79300
  999.99900  999.99900
    2.32900   48.81000
    2.31000   48.74900
  999.99900  999.99900
    2.42000   48.84800
    2.32000   48.90500
  999.99900  999.99900
    2.32000   48.90500
    2.22700   48.85100
    2.29100   48.81900
    2.32900   48.81000
  999.99900  999.99900
    2.32900   48.81000
    2.46500   48.83600
    2.42000   48.84800
  999.99900  999.99900
    1.77900   49.75900
    1.72400   49.73000
    1.69900   49.70700
    1.75200   49.68100
    1.72200   49.61900
    1.69200   49.58200
    1.73000   49.54000
    1.72500   49.51800
    1.74700   49.50300
    1.77400   49.48900
    1.73100   49.44200
    1.71900   49.40900
  999.99900  999.99900
    1.71900   49.40900
    1.76600   49.35100
    1.77500   49.29600
    1.78900   49.24900
    1.70300   49.25400
    1.70600   49.23800
  999.99900  999.99900
    1.70600   49.23800
    1.65800   49.14600
    1.61600   49.08500
  999.99900  999.99900
    1.61600   49.08500
    1.69300   49.05000
    1.75400   49.04900
    1.81700   49.07200
    1.85900   49.04900
    1.89700   49.04100
    1.99000   49.01500
    2.08800   49.01000
    2.14600   48.98500
    2.19800   48.94800
    2.20100   48.91200
  999.99900  999.99900
    1.61600   49.08500
    1.52800   49.06800
    1.49800   49.05700
    1.44600   49.04700
    1.46000   48.98800
    1.48700   48.96600
    1.50500   48.94000
  999.99900  999.99900
     .29900   49.42700
     .32900   49.33700
     .32100   49.29400
     .38000   49.27500
     .30400   49.24700
     .39300   49.20600
     .43100   49.14800
     .40100   49.09100
     .38000   49.06900
     .39500   49.03200
     .43600   49.00400
     .40900   48.94800
  999.99900  999.99900
     .45000   49.46200
     .57300   49.43900
     .64700   49.43600
     .64800   49.40700
     .70100   49.40800
     .78000   49.40800
     .83200   49.39200
     .89700   49.37100
     .89900   49.34300
     .89700   49.31200
     .95200   49.29300
     .97300   49.28100
     .99800   49.25100
    1.07200   49.27100
    1.13400   49.32700
    1.17800   49.33400
    1.27300   49.35500
    1.30100   49.38600
    1.33900   49.42600
    1.38000   49.44000
    1.47600   49.44800
    1.55100   49.43900
    1.62600   49.41600
    1.71900   49.40900
  999.99900  999.99900
   -1.11900   49.33400
   -1.13500   49.27900
   -1.04600   49.22200
    -.95300   49.21100
    -.90100   49.18700
    -.92200   49.16500
    -.89000   49.12500
    -.87500   49.09400
    -.86300   49.04400
    -.91800   48.99500
   -1.01600   48.95500
   -1.06300   48.91800
   -1.07100   48.87300
   -1.12500   48.84900
   -1.10500   48.81600
   -1.04500   48.78100
    -.96300   48.78300
    -.86800   48.75800
    -.82600   48.75700
  999.99900  999.99900
    -.82600   48.75700
    -.80000   48.72700
    -.75800   48.67400
    -.74500   48.63200
    -.77500   48.57400
    -.84400   48.51800
    -.85200   48.50000
  999.99900  999.99900
    -.85200   48.50000
    -.91700   48.51000
    -.99900   48.48300
   -1.07000   48.50600
  999.99900  999.99900
   -1.07000   48.50600
   -1.17700   48.52700
   -1.26100   48.54100
   -1.33500   48.49400
   -1.40600   48.46400
   -1.46800   48.48500
   -1.51600   48.54400
   -1.54500   48.59900
   -1.57800   48.63400
  999.99900  999.99900
     .81300   48.66700
     .86200   48.69300
     .91100   48.70100
     .98000   48.72900
    1.04000   48.73600
    1.10500   48.75400
    1.14000   48.76300
    1.16000   48.76500
    1.26000   48.76600
    1.33400   48.76100
    1.36600   48.82400
    1.47500   48.89400
    1.50500   48.94000
  999.99900  999.99900
     .81300   48.66700
     .84500   48.60800
     .92100   48.55600
     .95200   48.50300
     .93800   48.45500
     .94400   48.41300
     .90000   48.37300
     .84000   48.35000
     .78000   48.33500
     .80100   48.28100
     .82000   48.22500
     .79100   48.19000
  999.99900  999.99900
     .79100   48.19000
     .65300   48.25900
     .55700   48.24700
     .48700   48.28300
     .42700   48.31200
     .37900   48.35700
     .37700   48.44800
     .26100   48.48100
     .16600   48.46200
     .10400   48.42300
     .02000   48.37500
    -.04800   48.38000
  999.99900  999.99900
    -.04800   48.38000
    -.13000   48.44600
    -.16800   48.51500
    -.22200   48.55700
    -.25000   48.53200
    -.29400   48.51600
    -.36800   48.49700
    -.46700   48.50300
    -.58900   48.47100
    -.68000   48.47300
    -.71900   48.46800
    -.76700   48.43100
    -.81900   48.47600
    -.85200   48.50000
  999.99900  999.99900
    1.50500   48.94000
    1.54200   48.92000
    1.55400   48.88000
    1.57600   48.84200
    1.59200   48.81300
    1.60600   48.75600
    1.59500   48.71900
    1.59600   48.69200
    1.61400   48.64700
    1.66100   48.62000
    1.71500   48.59700
    1.76000   48.57100
    1.79000   48.49400
    1.80500   48.45900
    1.91000   48.43600
    1.92300   48.44200
  999.99900  999.99900
    2.22200   48.76400
    2.12800   48.74400
    2.09600   48.72600
    2.08200   48.68000
    2.00500   48.65200
    2.05200   48.61500
    2.01100   48.56100
    1.93900   48.55400
    1.92400   48.48300
    1.92300   48.44200
  999.99900  999.99900
    2.57700   48.69200
    2.54600   48.67200
    2.53000   48.62500
    2.52000   48.56700
    2.52600   48.51000
    2.51000   48.42800
    2.48100   48.38000
    2.43800   48.35300
    2.40300   48.31800
  999.99900  999.99900
    2.40300   48.31800
    2.33700   48.32900
    2.24300   48.29900
    2.21200   48.34000
    2.15500   48.30100
    2.04300   48.28300
    1.99700   48.28400
  999.99900  999.99900
    1.92300   48.44200
    1.92600   48.41200
    1.96500   48.37400
    1.97100   48.34200
    2.00700   48.31100
    1.97500   48.28600
    1.99700   48.28400
  999.99900  999.99900
    1.99700   48.28400
    1.97400   48.19200
    1.96800   48.18500
    1.91800   48.16600
    1.89800   48.12600
    1.84200   48.08800
    1.78100   48.07700
    1.71800   48.06200
    1.61000   48.06300
    1.56500   48.03200
    1.52600   48.03000
    1.52400   47.98200
  999.99900  999.99900
    3.54800   48.62000
    3.48800   48.59000
    3.41700   48.53700
    3.38000   48.48100
    3.39200   48.42000
    3.41000   48.39300
  999.99900  999.99900
    3.41000   48.39300
    3.33000   48.36900
    3.25100   48.36800
    3.14000   48.36600
    3.07700   48.36600
    3.02100   48.32100
    3.04000   48.27500
    2.99400   48.20800
    2.93300   48.16200
  999.99900  999.99900
    2.40300   48.31800
    2.47500   48.25200
    2.50400   48.22700
    2.51700   48.17300
    2.44400   48.12900
    2.56900   48.13800
    2.70900   48.12200
    2.74400   48.16300
    2.79000   48.14800
    2.90700   48.15700
    2.93300   48.16200
  999.99900  999.99900
    3.41000   48.39300
    3.45900   48.38100
    3.54300   48.33100
    3.58000   48.28500
    3.60900   48.23000
    3.59300   48.17800
    3.66200   48.14300
    3.72100   48.15900
    3.74600   48.12200
    3.80800   48.07200
    3.86200   48.00500
    3.86300   47.98300
    3.90100   47.95200
    3.99900   47.94200
    4.05600   47.93000
    4.10700   47.93000
    4.17100   47.96200
    4.21200   47.96500
    4.23800   47.94200
    4.29500   47.92400
  999.99900  999.99900
    2.93300   48.16200
    2.99000   48.14300
    3.04800   48.10100
    3.09300   48.04200
    3.11800   48.01300
    3.08800   47.95000
    3.02000   47.90400
    3.01100   47.86300
    3.01700   47.81000
    2.93600   47.76300
    2.85800   47.74900
    2.88100   47.70700
    2.93200   47.65700
    2.93300   47.60100
    2.97900   47.57400
  999.99900  999.99900
    2.97900   47.57400
    2.87900   47.55400
    2.87300   47.52300
  999.99900  999.99900
    2.24400   47.62700
    2.14100   47.59400
    2.19800   47.55000
    2.25100   47.49600
    2.25200   47.42600
    2.13400   47.41000
    2.10000   47.36900
    2.14800   47.32200
    2.11500   47.27900
    1.97100   47.28300
    1.88800   47.24900
    1.86400   47.21400
    1.83500   47.22100
  999.99900  999.99900
    1.83500   47.22100
    1.71800   47.26900
    1.64400   47.26700
    1.58600   47.27600
    1.52900   47.22100
    1.42700   47.24000
    1.32500   47.18600
  999.99900  999.99900
    1.83500   47.22100
    1.79900   47.15000
    1.80300   47.12300
    1.89900   47.10900
    1.96600   47.12300
    2.01500   47.10500
    2.09100   47.02000
    2.06700   46.95200
    2.15600   46.91300
    2.06600   46.83000
    2.08800   46.80600
    2.08500   46.72300
    2.15100   46.69400
    2.15900   46.65400
    2.19400   46.59100
    2.17800   46.52900
    2.15100   46.46700
    2.16600   46.42700
  999.99900  999.99900
    3.03100   46.79700
    3.06600   46.85600
    3.05000   46.91600
    3.06800   46.97200
    3.05400   47.06100
    3.02900   47.09600
    2.99100   47.21200
    2.94200   47.28700
    2.87400   47.34900
    2.91900   47.41600
    2.89200   47.49600
    2.87300   47.52300
  999.99900  999.99900
    4.20700   47.15900
    4.20800   47.23300
    4.12400   47.26800
    4.12400   47.31100
    4.14000   47.35500
    4.10100   47.34100
  999.99900  999.99900
    4.10100   47.34100
    4.11000   47.38300
    4.08600   47.39800
    4.07400   47.45500
    4.10500   47.45500
    4.11900   47.48600
    4.14900   47.54000
    4.17400   47.55500
    4.20500   47.60500
    4.25200   47.66300
    4.26900   47.68300
    4.26100   47.71300
    4.26300   47.74400
    4.31700   47.75200
    4.34000   47.79900
    4.31900   47.84200
    4.27400   47.83800
    4.24700   47.87100
    4.31300   47.90700
    4.29500   47.92400
  999.99900  999.99900
    4.10100   47.34100
    4.03700   47.34400
    4.01100   47.32200
    3.95900   47.36500
    3.94600   47.39700
    3.87100   47.36700
    3.87700   47.39900
    3.84800   47.43800
    3.82800   47.40200
    3.79200   47.39600
    3.71900   47.40500
    3.67200   47.43900
    3.61200   47.46300
    3.58100   47.46000
    3.57500   47.50200
    3.48900   47.56400
    3.44800   47.50100
    3.35800   47.48600
    3.32000   47.48400
    3.23000   47.49200
    3.16900   47.52300
    3.10300   47.56000
    3.09700   47.59100
    2.97900   47.57400
  999.99900  999.99900
    2.87300   47.52300
    2.75700   47.53100
    2.72000   47.51700
    2.65400   47.49000
    2.60600   47.53400
    2.51600   47.57400
    2.40200   47.60000
    2.28900   47.62400
    2.24400   47.62700
  999.99900  999.99900
    2.24400   47.62700
    2.21100   47.66500
    2.14400   47.67900
    2.03500   47.68000
    1.98900   47.66300
    1.89200   47.67700
    1.83800   47.68100
    1.78100   47.65000
    1.72700   47.70000
    1.63000   47.75300
    1.55100   47.77100
    1.53300   47.81600
    1.56900   47.85600
    1.55800   47.91800
    1.54600   47.96900
    1.52400   47.98200
  999.99900  999.99900
    1.32500   47.18600
    1.26700   47.25800
    1.22500   47.29600
    1.16900   47.29200
    1.12200   47.29500
    1.11200   47.34700
    1.10900   47.38000
    1.11100   47.43400
    1.08500   47.46800
    1.07000   47.51800
    1.07500   47.56000
    1.01400   47.60800
     .99200   47.62600
     .90200   47.60800
     .85300   47.66100
     .83100   47.67700
     .74300   47.69600
     .65400   47.68700
     .62900   47.71100
     .61900   47.69800
  999.99900  999.99900
     .61900   47.69800
     .55300   47.67200
     .45000   47.63300
     .37900   47.64600
     .39300   47.57500
     .26800   47.60300
     .22400   47.61200
  999.99900  999.99900
     .22400   47.61200
     .18100   47.59600
     .06200   47.60900
     .00800   47.63700
    -.09200   47.65000
    -.15600   47.64600
    -.20400   47.69200
    -.23400   47.70200
    -.33200   47.72300
    -.38300   47.76100
  999.99900  999.99900
    -.38300   47.76100
    -.50600   47.78900
    -.58200   47.76100
    -.66900   47.74400
    -.74700   47.74600
    -.80900   47.77400
    -.93100   47.78500
    -.97400   47.75900
   -1.09000   47.77500
   -1.20600   47.80600
   -1.24000   47.81200
  999.99900  999.99900
   -1.24000   47.81200
   -1.24800   47.77900
  999.99900  999.99900
   -1.24800   47.77900
   -1.36100   47.81600
   -1.50300   47.80300
   -1.63100   47.74400
   -1.68300   47.71700
   -1.76900   47.70200
   -1.93300   47.68800
   -2.00600   47.67700
   -2.08600   47.63200
  999.99900  999.99900
   -2.08600   47.63200
   -2.10300   47.67800
   -2.05600   47.73800
   -2.12300   47.77300
   -2.04700   47.83900
   -2.08300   47.84300
   -2.11100   47.89200
   -2.10300   47.96100
   -2.24400   47.99800
   -2.23800   48.05000
   -2.22800   48.06100
   -2.28600   48.13300
  999.99900  999.99900
   -2.28600   48.13300
   -2.33500   48.12000
   -2.39700   48.15600
   -2.47300   48.16600
   -2.51100   48.14300
   -2.55800   48.07400
   -2.63300   48.03700
   -2.65200   48.08800
   -2.68800   48.11900
   -2.76800   48.09000
   -2.86300   48.15500
   -2.99000   48.17000
   -3.08000   48.20600
   -3.15400   48.15700
   -3.20500   48.14200
   -3.30900   48.15400
   -3.37100   48.16300
   -3.44500   48.18700
   -3.52500   48.17900
   -3.56100   48.18500
  999.99900  999.99900
   -1.24000   47.81200
   -1.20600   47.86000
   -1.17600   47.91300
   -1.13000   47.97400
   -1.01400   48.00500
   -1.05200   48.08600
   -1.07000   48.20100
   -1.08700   48.29300
   -1.06600   48.37100
   -1.06300   48.45600
   -1.07000   48.50600
  999.99900  999.99900
   -2.28600   48.13300
   -2.22900   48.15000
   -2.21900   48.20300
   -2.17900   48.22100
   -2.10400   48.25000
   -2.07900   48.29000
   -1.98000   48.30200
   -1.93400   48.34700
   -1.94400   48.39600
   -1.93600   48.44000
   -1.93000   48.50000
   -1.97100   48.53300
   -2.03800   48.54300
   -2.07400   48.56600
   -2.12800   48.60800
  999.99900  999.99900
   -3.56100   48.18500
   -3.55000   48.22600
   -3.53300   48.29000
   -3.55600   48.34200
   -3.59400   48.41000
   -3.59800   48.48600
   -3.59600   48.55800
   -3.63900   48.59900
   -3.64700   48.67000
  999.99900  999.99900
   -3.56100   48.18500
   -3.71600   48.14000
   -3.72600   48.09400
   -3.67000   48.05700
   -3.58400   47.99300
   -3.53000   47.98700
   -3.45300   47.95600
   -3.39300   47.94400
   -3.41100   47.89900
   -3.42100   47.87300
   -3.47400   47.83200
   -3.53300   47.82800
   -3.52000   47.79200
  999.99900  999.99900
   -2.08600   47.63200
   -2.09300   47.54000
   -2.15200   47.52000
   -2.20700   47.51200
   -2.29700   47.49500
   -2.35300   47.45800
   -2.42200   47.48100
   -2.45500   47.45000
  999.99900  999.99900
    -.38300   47.76100
    -.43900   47.82900
    -.37700   47.86600
    -.40100   47.91400
    -.27300   47.95500
    -.33000   48.02700
    -.25800   48.05900
    -.24000   48.09500
    -.24500   48.14100
    -.22900   48.16600
    -.14900   48.22000
    -.14000   48.29200
    -.12200   48.33200
    -.07300   48.36800
    -.04800   48.38000
  999.99900  999.99900
     .61900   47.69800
     .62500   47.73900
     .71300   47.78100
     .77200   47.83300
     .81000   47.88700
     .83300   47.97400
     .79500   48.03400
     .84100   48.09200
     .84000   48.10500
  999.99900  999.99900
    1.52400   47.98200
    1.41300   47.97100
    1.31300   47.95300
    1.21700   47.97600
    1.16700   48.01900
    1.11100   48.08200
    1.02600   48.08800
    1.04800   48.12100
     .94500   48.10400
     .88200   48.10300
     .84000   48.10500
  999.99900  999.99900
     .79100   48.19000
     .91300   48.14400
     .84000   48.10500
  999.99900  999.99900
     .05300   47.16800
     .06200   47.24100
     .09100   47.30300
     .14000   47.35700
     .17100   47.39800
     .19300   47.47500
     .21600   47.52500
     .23600   47.58500
     .22400   47.61200
  999.99900  999.99900
    1.18100   46.39000
    1.13200   46.47300
    1.09200   46.53800
    1.01500   46.57200
     .93500   46.59300
     .89500   46.63700
     .91100   46.71200
     .87200   46.75000
  999.99900  999.99900
     .87200   46.75000
     .98200   46.75800
     .99000   46.79600
    1.01600   46.85300
    1.06800   46.95900
    1.10200   47.02600
    1.21900   47.02400
    1.28400   47.06200
    1.30400   47.09600
    1.35800   47.14600
    1.32500   47.18600
  999.99900  999.99900
     .87200   46.75000
     .81100   46.82500
     .75600   46.86300
     .70700   46.94100
     .62700   46.99900
     .60200   46.96000
     .47200   46.94600
     .40500   46.93400
     .29900   46.95700
     .30500   47.02500
     .26600   47.04600
     .19700   47.06500
     .18100   47.12000
     .11100   47.12400
     .08100   47.13200
     .05300   47.16800
  999.99900  999.99900
    -.09800   47.06400
    -.16200   47.09100
    -.24100   47.11000
    -.29800   47.10300
    -.39800   47.06900
    -.48300   47.07000
    -.53900   47.03600
    -.64700   46.99400
    -.74200   47.00300
    -.81300   46.99300
    -.91700   47.01300
    -.94100   46.99800
  999.99900  999.99900
    -.94100   46.99800
    -.87400   46.96100
    -.81000   46.91100
    -.70300   46.82200
    -.68100   46.72700
    -.63100   46.66500
    -.62500   46.60300
    -.60800   46.52900
    -.61400   46.46800
    -.63100   46.40300
    -.53800   46.38100
    -.63200   46.33700
    -.75400   46.30400
  999.99900  999.99900
    -.94100   46.99800
   -1.01900   47.00700
   -1.14800   47.03200
  999.99900  999.99900
   -1.14800   47.03200
   -1.22800   47.10200
   -1.17600   47.16800
   -1.19300   47.21800
   -1.22700   47.24300
   -1.34700   47.31100
   -1.07500   47.37200
    -.95500   47.45000
   -1.00500   47.48500
   -1.16000   47.51000
   -1.17100   47.57300
   -1.04700   47.57300
   -1.08700   47.61100
   -1.18000   47.66700
   -1.19600   47.71100
   -1.23900   47.74400
   -1.24800   47.77900
  999.99900  999.99900
   -1.14800   47.03200
   -1.28900   47.05800
   -1.34100   47.04500
   -1.37000   46.96600
   -1.47200   46.97000
   -1.49500   47.04300
   -1.54100   47.00200
   -1.51200   46.90200
   -1.61300   46.87600
   -1.74800   46.93300
   -1.87200   46.95200
   -1.96400   47.02600
   -1.98000   47.03300
  999.99900  999.99900
     .19700   46.09400
     .19300   46.15900
     .11200   46.21200
     .16800   46.27900
     .14600   46.34800
     .05300   46.31300
     .01900   46.37600
    -.01000   46.42300
    -.04000   46.48300
    -.02400   46.52100
     .03500   46.58600
     .00100   46.60500
    -.02300   46.63000
    -.00900   46.67900
     .00000   46.75800
     .00000   46.79700
     .01000   46.83600
     .00400   46.92400
    -.04100   46.99500
    -.08700   47.03700
    -.09800   47.06400
  999.99900  999.99900
    -.09800   47.06400
    -.04700   47.09400
    -.02200   47.14600
     .05300   47.16800
  999.99900  999.99900
   -1.79100   43.37400
   -1.79000   43.34900
   -1.73700   43.32700
   -1.71000   43.29800
   -1.66100   43.30900
   -1.62500   43.28000
   -1.57000   43.24800
   -1.56500   43.28400
   -1.50100   43.28000
   -1.44000   43.26400
   -1.38300   43.25300
   -1.38100   43.20000
   -1.40300   43.14000
   -1.44100   43.10000
   -1.45900   43.06500
   -1.34300   43.05600
   -1.33500   43.10400
   -1.29600   43.06500
   -1.24400   43.04300
   -1.16800   43.03500
   -1.12200   43.01000
   -1.01100   42.99400
    -.93400   42.95200
    -.86300   42.95100
    -.76500   42.96900
    -.73100   42.94300
    -.73400   42.91600
    -.66200   42.87400
    -.60700   42.83000
    -.57400   42.80900
    -.54100   42.78000
    -.51600   42.82000
    -.48300   42.82200
    -.43200   42.79900
    -.38700   42.80400
    -.32600   42.83200
    -.31000   42.84800
  999.99900  999.99900
    -.31000   42.84800
    -.24300   42.81400
    -.20100   42.80200
    -.15200   42.80000
    -.13400   42.76300
    -.09400   42.71400
    -.05200   42.69200
     .01100   42.69600
     .07400   42.70700
     .13000   42.72000
     .17600   42.74000
     .24600   42.72200
     .30000   42.67600
     .33200   42.70500
     .37700   42.71600
     .42700   42.69500
     .47900   42.70000
  999.99900  999.99900
     .47900   42.70000
     .53600   42.70400
     .59100   42.70100
     .68100   42.70300
     .66400   42.74800
     .64900   42.76400
     .65500   42.79100
     .66800   42.82300
     .66700   42.84800
     .73000   42.84900
     .84100   42.82800
     .86100   42.82300
  999.99900  999.99900
     .86100   42.82300
     .93500   42.79900
     .99800   42.78500
    1.06700   42.78500
    1.12000   42.75900
    1.14000   42.73000
    1.20100   42.71700
    1.24600   42.72600
    1.30300   42.72300
    1.36400   42.72500
    1.39300   42.67900
    1.43000   42.63100
    1.45100   42.60200
  999.99900  999.99900
    1.45100   42.60200
    1.47300   42.63400
    1.49400   42.65400
    1.54600   42.65300
    1.58600   42.65200
    1.63300   42.62900
    1.70000   42.62300
    1.74600   42.62300
    1.78800   42.59800
    1.79400   42.58300
  999.99900  999.99900
    1.79400   42.58300
    1.74200   42.55000
    1.73600   42.51500
  999.99900  999.99900
    1.45100   42.60200
    1.45400   42.56900
    1.41100   42.53500
    1.46300   42.53100
    1.43000   42.49300
    1.43800   42.46200
    1.44500   42.44300
    1.54700   42.43300
    1.56700   42.45900
    1.63700   42.46700
    1.66600   42.48800
    1.71000   42.49400
    1.73600   42.51500
  999.99900  999.99900
    1.73600   42.51500
    1.81300   42.49100
    1.87400   42.46300
    1.92700   42.45000
    1.96700   42.40200
    1.99900   42.35900
    2.05600   42.36000
    2.11800   42.38100
    2.17800   42.42300
    2.24200   42.43400
    2.33200   42.42400
    2.36000   42.40900
    2.42900   42.39700
    2.47400   42.36000
    2.54300   42.33500
    2.59900   42.35600
    2.68000   42.34600
    2.64700   42.38500
    2.66700   42.40500
    2.76400   42.42000
    2.79900   42.42200
    2.83700   42.46100
    2.89700   42.46600
    2.96900   42.47000
    3.03000   42.47900
    3.08600   42.43000
    3.17700   42.43400
  999.99900  999.99900
    1.96600   42.47900
    2.00400   42.44700
    1.99100   42.47000
    1.98200   42.49500
    1.96600   42.47900
  999.99900  999.99900
    7.39700   43.72500
    7.44200   43.74400
  999.99900  999.99900
    7.53200   43.78000
    7.49900   43.85600
    7.53800   43.88900
    7.55900   43.91800
    7.59400   43.95100
    7.64700   43.97400
    7.66300   44.00800
    7.67200   44.04100
    7.70800   44.08600
    7.66000   44.12600
    7.67900   44.16400
    7.63800   44.17800
    7.60600   44.15400
    7.56300   44.15400
    7.51400   44.15200
    7.45400   44.13500
    7.41500   44.12100
    7.35700   44.11900
    7.29300   44.14700
    7.26100   44.16000
    7.22700   44.17200
    7.18200   44.20100
    7.13400   44.20300
    7.08200   44.23200
    7.01900   44.23400
    6.96000   44.29300
    6.92200   44.33900
    6.88900   44.36300
  999.99900  999.99900
    6.88900   44.36300
    6.89300   44.42100
    6.93500   44.43200
    6.91400   44.45900
    6.88100   44.48600
    6.86200   44.53300
    6.90500   44.56000
    6.93500   44.60300
    6.94700   44.62200
    6.96200   44.64200
    6.95500   44.65700
  999.99900  999.99900
    6.95500   44.65700
    6.99100   44.69700
    7.06200   44.68500
    7.06500   44.71700
    7.02700   44.75500
    7.01900   44.82500
    6.97600   44.84700
    6.91100   44.84900
    6.86800   44.85800
    6.80500   44.89400
    6.74900   44.91800
    6.75100   44.97800
    6.74400   45.01700
    6.67700   45.04300
    6.65000   45.07200
    6.63000   45.11000
  999.99900  999.99900
    6.63000   45.11000
    6.67500   45.13500
    6.74100   45.14100
    6.81000   45.15400
    6.86100   45.14000
    6.90100   45.17100
    6.95400   45.18800
    6.99200   45.22200
    7.07100   45.22500
    7.12000   45.25400
    7.13900   45.29600
    7.13000   45.33900
    7.16600   45.37400
    7.19200   45.40700
    7.15000   45.43100
    7.11300   45.47000
    7.05600   45.48100
    7.00700   45.50300
    6.99000   45.53900
    6.98400   45.59900
    7.00700   45.64900
    6.92600   45.64700
    6.90300   45.67500
    6.84500   45.69600
    6.81200   45.72600
    6.80100   45.78100
  999.99900  999.99900
    6.80100   45.78100
    6.81000   45.83500
    6.87000   45.84700
    6.92600   45.85300
    6.97400   45.87100
    7.01900   45.92700
    7.03400   45.93600
  999.99900  999.99900
    5.97100   46.15000
    5.98500   46.18800
    6.01700   46.23200
    6.05600   46.24900
    6.12100   46.25400
    6.11700   46.30200
    6.15800   46.35300
    6.15100   46.38100
    6.07800   46.42000
  999.99900  999.99900
    6.07800   46.42000
    6.09000   46.46600
    6.14600   46.53000
    6.15100   46.55400
    6.14400   46.56100
  999.99900  999.99900
    6.14400   46.56100
    6.18600   46.62100
    6.24200   46.65800
    6.34300   46.71200
    6.37100   46.73100
    6.41000   46.75800
    6.43200   46.79900
    6.45700   46.86800
    6.43400   46.93700
    6.53000   46.97900
    6.59600   46.99100
    6.66200   47.03400
    6.69900   47.07300
    6.75800   47.12200
    6.82100   47.14900
    6.86900   47.18900
    6.93200   47.23300
    6.95300   47.27300
    6.98300   47.30100
    7.03000   47.33000
    7.05100   47.34800
    7.03300   47.36700
    6.95500   47.36100
    6.86800   47.35100
    6.90500   47.39300
    6.94000   47.43800
  999.99900  999.99900
    6.94000   47.43800
    7.00100   47.46800
    7.02000   47.50300
    7.08600   47.49000
    7.13100   47.50800
  999.99900  999.99900
    7.13100   47.50800
    7.18800   47.48800
    7.17800   47.44600
    7.22600   47.43800
    7.28500   47.42900
    7.33900   47.43800
    7.40300   47.44200
    7.44100   47.47000
    7.46700   47.48500
    7.51300   47.50200
    7.52700   47.52500
    7.48200   47.54300
    7.55700   47.58300
    7.58900   47.58800
  999.99900  999.99900
    7.58900   47.58800
    7.55200   47.63900
    7.54100   47.72000
    7.53900   47.79800
    7.55900   47.88200
    7.61100   47.95200
    7.57500   48.03600
    7.58100   48.10000
    7.57900   48.12000
  999.99900  999.99900
    7.57900   48.12000
    7.61000   48.16100
    7.66800   48.22100
    7.69700   48.30600
    7.75600   48.33000
    7.74800   48.42300
    7.77000   48.48700
    7.81100   48.52800
    7.82700   48.61300
    7.88600   48.66200
    7.98200   48.76100
    8.03200   48.78500
    8.11200   48.83200
    8.18000   48.93200
    8.18200   48.98000
    8.07500   49.00200
    7.98500   49.02900
    7.91800   49.04500
    7.85400   49.03800
    7.80400   49.05800
    7.76100   49.05000
    7.70700   49.05700
    7.67400   49.04500
    7.64000   49.05100
  999.99900  999.99900
    7.64000   49.05100
    7.60300   49.08500
    7.54100   49.09000
    7.49300   49.13400
    7.44600   49.17300
    7.36600   49.17200
    7.33200   49.14700
    7.27800   49.12800
    7.22000   49.12900
    7.15600   49.13600
    7.10800   49.14100
    7.08200   49.14900
    7.08100   49.12700
    7.04400   49.14700
    7.03300   49.19200
    6.92400   49.21800
    6.83700   49.21300
    6.84400   49.17100
    6.76300   49.16800
    6.73100   49.20800
    6.65100   49.26000
    6.62700   49.29800
    6.59200   49.32200
    6.55100   49.35700
    6.58300   49.35100
    6.58400   49.38000
    6.54500   49.39300
    6.52400   49.43700
    6.45000   49.46100
    6.39800   49.47100
    6.37300   49.46800
  999.99900  999.99900
    6.37300   49.46800
    6.32600   49.47900
    6.27500   49.49900
    6.19500   49.50100
    6.15400   49.48500
    6.12700   49.47500
    6.09900   49.44700
    6.05600   49.46400
    5.99700   49.44900
    5.97200   49.47200
    5.92000   49.49400
    5.90300   49.49800
  999.99900  999.99900
    5.90300   49.49800
    5.83700   49.52800
    5.80900   49.55300
  999.99900  999.99900
    5.80900   49.55300
    5.75900   49.55600
    5.69800   49.54800
    5.63000   49.53500
    5.61800   49.50300
    5.57000   49.52500
    5.51200   49.50800
    5.48100   49.50100
  999.99900  999.99900
    5.48100   49.50100
    5.45100   49.51800
    5.44400   49.55500
    5.39100   49.61600
  999.99900  999.99900
    5.39100   49.61600
    5.35100   49.63000
    5.30200   49.62800
    5.29900   49.67600
    5.25400   49.68600
    5.16600   49.69300
    5.14300   49.70000
    5.13000   49.72200
    5.05700   49.76900
    4.97200   49.79700
    4.92200   49.78400
    4.87000   49.78000
    4.86800   49.82300
    4.86200   49.86200
    4.88300   49.90200
    4.86500   49.92600
    4.81600   49.94900
    4.79100   49.98300
    4.81400   50.01200
    4.82500   50.05000
    4.84700   50.09600
    4.87500   50.09000
    4.86900   50.12600
    4.90100   50.14400
    4.83800   50.17000
    4.77700   50.14600
    4.68900   50.07600
    4.68900   50.03700
    4.65200   49.99700
    4.58700   49.98100
    4.51400   49.94700
    4.40200   49.94100
    4.30100   49.97200
    4.22600   49.96000
  999.99900  999.99900
    4.22600   49.96000
    4.15600   49.97300
    4.14600   49.97700
  999.99900  999.99900
    4.14600   49.97700
    4.15300   50.04600
    4.22900   50.07500
    4.19900   50.09500
    4.20100   50.13200
    4.12700   50.14300
    4.13300   50.18800
    4.16000   50.21200
    4.19300   50.27400
    4.14800   50.29100
    4.16900   50.26600
    4.13300   50.25200
    4.11400   50.30100
    4.06700   50.31800
    4.01100   50.35500
    3.95800   50.34500
    3.88300   50.34100
    3.82200   50.35200
    3.79900   50.35600
    3.73000   50.33800
    3.71100   50.32700
    3.68800   50.32400
    3.67700   50.35200
    3.67600   50.41000
    3.66200   50.45100
    3.62600   50.47800
    3.56500   50.48900
    3.49200   50.48100
    3.51900   50.50900
    3.45900   50.52000
    3.36500   50.49400
    3.28600   50.52400
    3.27500   50.57400
    3.26100   50.61400
    3.24200   50.64300
    3.26200   50.67900
    3.21200   50.71300
    3.17900   50.76700
    3.11700   50.78400
    3.04600   50.76800
    2.99900   50.75600
    2.95500   50.74600
    2.93300   50.70600
    2.87900   50.69000
    2.82500   50.71400
    2.76900   50.76700
    2.72300   50.80700
    2.62700   50.81900
    2.58000   50.85200
    2.57900   50.90400
    2.59300   50.98400
    2.54100   51.09200
  999.99900  999.99900
    5.37700   43.17900
    5.37700   43.17900
  999.99900  999.99900
    5.79400   43.08200
    5.79400   43.08200
  999.99900  999.99900
    6.38300   43.00100
    6.42000   43.02000
    6.38300   43.00100
  999.99900  999.99900
    7.04800   43.50700
    7.04800   43.50700
  999.99900  999.99900
    2.09800   51.00200
    2.22200   51.03000
    2.37900   51.04700
    2.54100   51.09200
  999.99900  999.99900
    -.82600   48.75700
    -.69700   48.81200
    -.67000   48.83900
    -.62900   48.82500
    -.54100   48.84900
    -.46900   48.86000
    -.39600   48.86000
    -.36800   48.84200
    -.29200   48.85100
    -.22200   48.84600
    -.15700   48.82400
    -.12300   48.83900
    -.06200   48.84500
    -.00800   48.88600
     .12800   48.94700
     .18700   48.94000
     .25100   48.95700
     .30600   48.95100
     .36500   48.95900
     .40900   48.94800
  999.99900  999.99900
     .40900   48.94800
     .42500   48.89600
     .45700   48.87600
     .59300   48.88700
     .59900   48.86300
     .61100   48.82800
     .71200   48.78200
     .77300   48.73400
     .72700   48.69800
     .77100   48.66900
     .81300   48.66700
  999.99900  999.99900
    2.59300   49.07600
    2.53300   49.10400
    2.47900   49.12900
    2.41400   49.15400
    2.35700   49.16000
    2.29400   49.16300
    2.22600   49.16800
    2.16800   49.16700
    2.13600   49.18900
    2.09300   49.19900
    2.05100   49.20200
    1.98100   49.18500
    1.88500   49.16400
    1.84000   49.16400
    1.80700   49.18300
    1.75100   49.18500
    1.73900   49.21500
    1.71700   49.24200
    1.70600   49.23800
  999.99900  999.99900
    -.09000   43.35200
    -.09800   43.31400
    -.09600   43.37000
    -.09000   43.35200
  999.99900  999.99900
    -.12100   43.24400
    -.11700   43.30100
    -.07900   43.25900
    -.12100   43.24400
  999.99900  999.99900
    5.83200   45.93900
    5.87600   45.84100
    5.94100   45.81400
    5.97700   45.77700
    6.05800   45.74900
    6.12700   45.75400
    6.17900   45.75100
    6.23400   45.70400
    6.35900   45.73400
    6.41900   45.80300
    6.46900   45.88600
    6.53900   45.86600
    6.65900   45.80800
    6.74200   45.75100
    6.80100   45.78100
  999.99900  999.99900
    7.03400   45.93600
    7.00700   45.99800
    6.94500   46.04700
    6.89600   46.04800
    6.89100   46.07900
    6.89300   46.13400
    6.79200   46.14800
    6.82000   46.22500
    6.86000   46.27100
    6.82300   46.30400
    6.78700   46.33800
    6.80900   46.37800
    6.72300   46.41200
    6.49000   46.40200
    6.37700   46.34900
    6.29100   46.36200
    6.24300   46.30400
    6.26500   46.25800
    6.30900   46.26800
    6.25200   46.21400
    6.16300   46.16900
    6.06000   46.15800
    5.97100   46.15000
  999.99900  999.99900
    8.57800   42.37500
    8.64200   42.41400
    8.67300   42.45400
    8.68200   42.51400
    8.72000   42.56100
    8.76900   42.55100
    8.85000   42.60500
    8.95600   42.63200
    9.06100   42.69200
    9.16700   42.73100
    9.27000   42.69600
    9.33600   42.75900
    9.34100   42.86100
    9.35600   42.93800
    9.38800   43.00200
    9.46900   42.93000
    9.44900   42.65400
    9.54400   42.42000
    9.55500   42.18300
    9.40400   41.89400
    9.39900   41.85400
  999.99900  999.99900
    8.57800   42.37500
    8.67800   42.35600
    8.76200   42.32500
    8.89100   42.26100
    9.02100   42.20500
    9.09400   42.11300
    9.16900   42.02200
    9.22000   41.93000
    9.24600   41.86300
    9.34000   41.84000
    9.39900   41.85400
  999.99900  999.99900
    8.57800   42.37500
    8.56900   42.32400
    8.62700   42.32100
    8.64600   42.29100
    8.69500   42.25800
    8.58600   42.23600
    8.57100   42.20000
    8.56100   42.16300
    8.61200   42.12500
    8.70800   42.08400
    8.72900   42.03800
    8.67200   41.97900
    8.62200   41.93000
    8.72000   41.90300
    8.77800   41.87400
    8.77400   41.81600
    8.71100   41.78700
    8.66700   41.74500
    8.77400   41.73500
    8.84600   41.69200
    8.87000   41.64200
    8.79100   41.60100
    8.81100   41.54900
    8.84300   41.51300
    8.91400   41.50300
    9.00700   41.47100
    9.05800   41.46100
    9.09600   41.44600
    9.12800   41.39700
    9.23600   41.39000
    9.22400   41.42200
    9.28700   41.47900
    9.29500   41.53200
    9.31900   41.60400
    9.30700   41.62600
    9.37100   41.63500
    9.40400   41.69200
    9.40800   41.81600
    9.39900   41.85400
  999.99900  999.99900
    3.17700   42.43400
    3.13000   42.49100
    3.12100   42.52500
    3.06200   42.53700
    3.03400   42.65500
    3.04300   42.78600
    3.04100   42.83800
  999.99900  999.99900
    3.04100   42.83800
    3.03000   42.96300
    3.06100   43.05200
    3.04200   43.10500
    3.08400   43.07700
    3.16800   43.16200
    3.24300   43.21700
  999.99900  999.99900
    3.24300   43.21700
    3.32500   43.26200
    3.40800   43.28800
    3.49100   43.27500
    3.63100   43.37100
    3.70600   43.39800
    3.81200   43.45000
    3.96200   43.53600
    4.10300   43.55300
  999.99900  999.99900
    4.10300   43.55300
    4.13000   43.49400
    4.23000   43.46000
  999.99900  999.99900
    4.23000   43.46000
    4.44200   43.45300
    4.59700   43.39200
    4.58800   43.39600
    4.67000   43.34700
    4.83100   43.33200
    4.85100   43.33400
    4.89700   43.37000
    4.87600   43.36700
    4.92300   43.42800
    4.99600   43.38900
    5.02000   43.34700
    5.07000   43.33500
    5.16900   43.32800
    5.25500   43.33700
    5.33700   43.33900
    5.36000   43.29800
    5.34600   43.28400
    5.34700   43.22100
    5.42500   43.20600
    5.49200   43.20200
    5.52400   43.20900
    5.59000   43.16900
    5.66000   43.18400
    5.67000   43.18200
  999.99900  999.99900
    5.30000   43.28000
    5.32200   43.28900
    5.30000   43.28000
  999.99900  999.99900
    6.16500   43.00600
    6.25300   43.02800
    6.16500   43.00600
  999.99900  999.99900
    6.51600   43.05300
    6.44500   43.01100
    6.51600   43.05300
  999.99900  999.99900
    5.67000   43.18200
    5.72300   43.14600
    5.79500   43.12200
    5.83700   43.05400
    5.91400   43.06900
    5.89900   43.08200
    5.90500   43.11800
    5.96900   43.10900
    6.02900   43.08700
    6.13100   43.08200
    6.13600   43.04000
    6.16100   43.07300
    6.29400   43.11500
    6.37600   43.10900
    6.42500   43.15100
    6.51100   43.15500
    6.60700   43.18300
    6.65600   43.18900
    6.67100   43.23500
    6.67300   43.26600
    6.59600   43.27900
    6.67700   43.33000
    6.74000   43.40900
    6.86000   43.41500
    6.92700   43.45200
    6.93300   43.47700
  999.99900  999.99900
    7.07300   43.51900
    7.07300   43.51900
  999.99900  999.99900
    7.39700   43.72500
    7.44200   43.74400
  999.99900  999.99900
    7.44200   43.74400
    7.50500   43.76900
    7.53200   43.78000
  999.99900  999.99900
   -1.79100   43.37400
   -1.66600   43.38300
   -1.57500   43.45900
   -1.51800   43.52500
  999.99900  999.99900
   -1.51800   43.52500
   -1.39800   43.83000
   -1.32000   44.11500
   -1.25100   44.47000
  999.99900  999.99900
   -1.25100   44.47000
   -1.20100   44.63900
   -1.08300   44.65100
   -1.02400   44.68400
   -1.12500   44.75800
   -1.22900   44.69400
   -1.25600   44.67200
   -1.19200   45.04100
   -1.15600   45.40500
   -1.09100   45.56000
   -1.06300   45.53900
    -.95900   45.45000
    -.83600   45.37600
    -.73900   45.18800
    -.59700   45.01300
    -.53000   44.97100
    -.56800   45.03100
    -.62600   45.06700
    -.71300   45.32800
  999.99900  999.99900
    -.71300   45.32800
    -.90200   45.53100
    -.98700   45.57800
   -1.11300   45.64800
   -1.23300   45.79100
   -1.13500   45.80900
   -1.11800   45.85700
   -1.00200   45.97000
   -1.07500   45.96200
   -1.04900   46.00700
   -1.09600   46.09200
   -1.13000   46.13300
   -1.20200   46.19100
   -1.12200   46.29700
   -1.11500   46.32100
  999.99900  999.99900
   -1.15000   46.02100
   -1.15000   46.02100
  999.99900  999.99900
   -1.39400   45.97600
   -1.30900   45.99200
   -1.22200   45.93800
   -1.19600   45.83600
   -1.26500   45.88000
   -1.39400   45.97600
  999.99900  999.99900
   -1.49500   46.19100
   -1.50000   46.26000
   -1.48500   46.21400
   -1.36400   46.20900
   -1.26100   46.16800
   -1.36100   46.16800
   -1.49500   46.19100
  999.99900  999.99900
   -1.11500   46.32100
   -1.22600   46.27900
   -1.33800   46.33800
   -1.46500   46.34900
   -1.65200   46.42400
   -1.80900   46.49400
   -1.96500   46.69300
   -2.14900   46.88700
   -2.04400   46.95800
   -1.98000   47.03300
  999.99900  999.99900
   -2.39300   46.72600
   -2.27800   46.69200
   -2.37600   46.70000
   -2.39300   46.72600
  999.99900  999.99900
   -2.29400   46.99300
   -2.21400   46.99000
   -2.16000   46.95600
   -2.17300   46.94100
   -2.29400   46.99300
  999.99900  999.99900
   -2.85900   47.34700
   -2.85900   47.34700
  999.99900  999.99900
   -2.98500   47.40200
   -2.98500   47.40200
  999.99900  999.99900
   -3.25500   47.39000
   -3.11300   47.32800
   -3.10800   47.29100
   -3.22700   47.32900
   -3.25500   47.39000
  999.99900  999.99900
   -3.42000   47.62200
   -3.49100   47.65700
   -3.42000   47.62200
  999.99900  999.99900
   -3.95800   47.71200
   -3.95800   47.71200
  999.99900  999.99900
   -3.98600   47.70600
   -3.98600   47.70600
  999.99900  999.99900
   -3.98700   47.72100
   -3.98700   47.72100
  999.99900  999.99900
   -4.84900   48.03900
   -4.84900   48.03900
  999.99900  999.99900
   -4.95800   48.39300
   -4.95800   48.39300
  999.99900  999.99900
   -5.04600   48.47200
   -5.11600   48.44200
   -5.10300   48.48100
   -5.04600   48.47200
  999.99900  999.99900
   -4.03300   48.75000
   -4.01400   48.74800
   -4.03300   48.75000
  999.99900  999.99900
   -2.98400   48.86300
   -3.01000   48.83900
   -2.98400   48.86300
  999.99900  999.99900
   -2.12800   48.60800
   -2.10200   48.64000
   -2.04900   48.62600
   -2.02500   48.63600
   -1.98900   48.66700
   -1.93700   48.68600
   -1.86000   48.70100
   -1.84600   48.62200
   -1.68700   48.61000
   -1.57800   48.63400
  999.99900  999.99900
   -1.57800   48.63400
   -1.46800   48.62900
   -1.36500   48.64800
   -1.42000   48.67100
   -1.49300   48.68500
   -1.56200   48.73700
   -1.58500   48.82600
   -1.56200   48.92100
   -1.53900   48.92900
   -1.55000   49.00100
   -1.49300   49.01600
   -1.57400   48.99600
   -1.60300   49.10900
   -1.59300   49.13700
   -1.56900   49.21400
   -1.62300   49.22300
   -1.67200   49.27900
   -1.70700   49.32100
   -1.73800   49.34200
   -1.78900   49.37200
   -1.84200   49.49300
   -1.85100   49.55500
   -1.88500   49.66500
   -1.94000   49.70500
   -1.85900   49.71600
   -1.71600   49.68000
   -1.62000   49.64500
   -1.48400   49.67100
   -1.44700   49.69200
   -1.31300   49.69700
   -1.26900   49.67900
   -1.23000   49.60900
   -1.30100   49.57800
   -1.22500   49.45900
   -1.17100   49.40000
   -1.16900   49.35500
   -1.11900   49.33400
  999.99900  999.99900
   -1.11900   49.33400
   -1.08000   49.39100
    -.85800   49.36500
    -.63900   49.34700
    -.47400   49.34200
    -.27300   49.29300
    -.09900   49.29700
     .02100   49.33200
     .11700   49.39500
     .23700   49.42000
     .29900   49.42700
  999.99900  999.99900
     .29900   49.42700
     .45000   49.46200
  999.99900  999.99900
     .45000   49.46200
     .17200   49.46300
     .09300   49.49600
     .12900   49.60300
     .18300   49.70100
     .29900   49.74000
     .36400   49.76500
     .53700   49.83200
     .70100   49.87200
     .86300   49.89100
    1.00400   49.91500
    1.12000   49.94100
    1.27500   50.00500
    1.38600   50.06900
  999.99900  999.99900
    1.38600   50.06900
    1.47000   50.13800
    1.54400   50.21600
    1.62800   50.18800
    1.67600   50.19400
    1.65700   50.21300
    1.58500   50.26000
    1.56200   50.36100
    1.60800   50.36900
  999.99900  999.99900
    1.60800   50.36900
    1.58300   50.47800
    1.58300   50.56300
    1.58700   50.72500
    1.61600   50.80100
    1.62800   50.87400
    1.73700   50.93800
    1.92800   50.98300
    2.09800   51.00200
  999.99900  999.99900
    6.93300   43.47700
    6.94900   43.51100
    7.03600   43.54400
    7.12600   43.56500
    7.14500   43.54900
    7.13500   43.59200
    7.19200   43.65300
    7.24000   43.67600
    7.31800   43.69100
    7.33800   43.68100
    7.35300   43.71500
    7.39700   43.72500
  999.99900  999.99900
   -1.98000   47.03300
   -2.09700   47.11200
   -2.23900   47.13600
   -2.17800   47.16000
   -2.17000   47.23700
   -2.09100   47.28300
   -2.01200   47.29200
   -1.85200   47.24000
   -1.78600   47.22300
   -1.87800   47.28700
   -2.00000   47.31700
   -2.13200   47.31300
   -2.21800   47.26400
   -2.26200   47.24100
   -2.39500   47.28100
   -2.48000   47.27300
   -2.50100   47.31700
   -2.52100   47.38600
   -2.45300   47.41600
   -2.43900   47.43800
   -2.45500   47.45000
  999.99900  999.99900
   -2.45500   47.45000
   -2.49300   47.49200
   -2.38900   47.50300
   -2.48700   47.53100
   -2.58700   47.51800
   -2.60000   47.52800
   -2.61400   47.53600
   -2.65000   47.52200
   -2.65600   47.50500
   -2.79600   47.49200
   -2.89700   47.53900
   -2.87200   47.56400
   -2.81700   47.54200
   -2.77000   47.54200
   -2.71900   47.55600
   -2.70700   47.63200
   -2.71500   47.60400
   -2.73500   47.61800
   -2.76400   47.63400
   -2.82000   47.61800
   -2.87800   47.60500
   -2.91300   47.60200
   -2.93600   47.63300
   -2.95200   47.58300
   -2.96300   47.57300
   -3.01400   47.60800
   -3.04400   47.58000
   -3.11800   47.60000
   -3.09000   47.48600
   -3.14100   47.50100
   -3.13800   47.57200
   -3.19800   47.64200
   -3.19600   47.67100
   -3.11800   47.71700
   -3.13900   47.73200
   -3.16400   47.74400
   -3.16400   47.70900
   -3.20500   47.69300
   -3.32100   47.69300
   -3.28400   47.70100
   -3.33300   47.72900
   -3.32900   47.74900
   -3.34700   47.73800
   -3.41800   47.70800
   -3.49900   47.75000
   -3.52000   47.79200
  999.99900  999.99900
   -3.52000   47.79200
   -3.60900   47.77200
   -3.70300   47.79300
   -3.73200   47.81400
   -3.78100   47.79100
   -3.85000   47.78900
   -3.89200   47.84100
   -3.89700   47.85800
   -3.93500   47.89200
   -3.97200   47.89700
   -3.97300   47.85900
   -4.02500   47.85600
   -4.06200   47.87200
   -4.13400   47.90300
   -4.14000   47.90000
   -4.11800   47.88400
   -4.16900   47.87400
   -4.16600   47.83400
   -4.20300   47.80500
   -4.26400   47.80300
   -4.35600   47.79600
   -4.36500   47.82500
   -4.38700   47.93300
   -4.49300   48.00500
   -4.58700   48.00600
   -4.67300   48.02900
   -4.73400   48.04100
   -4.67300   48.06500
   -4.62200   48.07000
   -4.55800   48.07900
   -4.48400   48.09100
   -4.36500   48.11600
   -4.32700   48.09900
   -4.28100   48.11300
   -4.27200   48.15800
   -4.29600   48.19800
   -4.36700   48.21600
   -4.46500   48.24200
   -4.51000   48.21600
   -4.55200   48.17200
   -4.56000   48.22100
   -4.55800   48.26200
   -4.60400   48.26500
   -4.61200   48.28400
   -4.56400   48.29000
   -4.53800   48.34400
   -4.54900   48.29900
   -4.50300   48.30500
   -4.41300   48.28000
   -4.32800   48.28800
   -4.28000   48.28800
   -4.25500   48.28000
   -4.30100   48.32200
   -4.30700   48.33600
   -4.30000   48.35700
   -4.35300   48.34900
   -4.40900   48.34200
   -4.41100   48.37400
   -4.32400   48.41900
   -4.41700   48.40100
   -4.48900   48.38100
   -4.56000   48.35600
   -4.69800   48.35500
   -4.75500   48.33000
   -4.74200   48.36100
   -4.77500   48.39500
   -4.78100   48.44200
   -4.76300   48.47700
   -4.76000   48.53300
   -4.70000   48.57200
   -4.62600   48.57900
   -4.60400   48.60800
   -4.54900   48.60200
   -4.57100   48.61600
   -4.51400   48.63600
   -4.45400   48.63500
   -4.43200   48.65300
   -4.32000   48.66900
   -4.31700   48.64900
   -4.26100   48.65800
   -4.21300   48.66400
   -4.14300   48.69800
   -4.05700   48.67900
   -4.03500   48.70800
   -3.99000   48.71600
   -3.96100   48.69700
   -3.94800   48.63900
   -3.94400   48.65200
   -3.89200   48.67200
   -3.86000   48.65400
   -3.84300   48.67900
   -3.79500   48.71500
   -3.71300   48.69800
   -3.65800   48.69300
   -3.64700   48.67000
  999.99900  999.99900
   -3.64700   48.67000
   -3.60200   48.67500
   -3.57900   48.71600
   -3.54100   48.73000
   -3.56400   48.76100
   -3.56900   48.78800
   -3.53400   48.81300
   -3.50500   48.83600
   -3.47500   48.83800
   -3.42500   48.81600
   -3.38000   48.81600
   -3.27200   48.84000
   -3.22100   48.87000
   -3.19900   48.83800
   -3.18900   48.83400
   -3.12300   48.86700
   -3.07500   48.86100
   -3.09400   48.83400
   -3.11600   48.77100
   -3.06300   48.82400
   -3.01500   48.81000
   -3.02400   48.77600
   -2.94500   48.77200
   -2.93200   48.73900
   -2.89800   48.70000
   -2.85900   48.67800
   -2.79000   48.59100
   -2.74100   48.56300
   -2.73300   48.52800
   -2.67200   48.50700
   -2.65200   48.52700
   -2.57100   48.57200
   -2.53700   48.59900
   -2.48000   48.64700
   -2.42300   48.64400
   -2.36800   48.65900
   -2.28100   48.66900
   -2.34100   48.61700
   -2.28900   48.62400
   -2.24000   48.61900
   -2.21900   48.55200
   -2.18400   48.60800
   -2.16300   48.60900
   -2.12800   48.60800
  999.99900  999.99900
    -.23600   43.58100
    -.17300   43.59200
    -.11400   43.58000
    -.09900   43.57800
  999.99900  999.99900
   -3.31300   54.20100
   -3.29100   54.18800
   -3.25800   54.22000
   -3.24700   54.20100
   -3.19200   54.15500
   -3.13700   54.07800
   -3.02600   54.10400
   -2.88300   54.12900
   -2.72900   54.22000
   -2.65200   54.20100
   -2.72900   54.13600
   -2.72900   54.05200
   -2.75100   53.94800
   -2.85000   53.89000
   -2.91600   53.76600
   -2.83900   53.75300
   -2.74000   53.73300
   -2.85000   53.64800
   -2.91600   53.54300
   -2.93800   53.47800
   -2.88300   53.42500
   -2.79500   53.39900
   -2.86100   53.37300
   -2.94900   53.28700
   -3.11500   53.29300
   -3.35700   53.28700
   -3.67700   53.30000
   -3.92000   53.21400
   -4.16200   53.08800
   -4.36100   52.96200
   -4.58100   52.82300
   -4.49300   52.78900
   -4.22800   52.89600
   -4.03000   52.92200
   -3.99700   52.82300
   -3.99700   52.70200
   -3.98600   52.60200
   -3.96400   52.55500
   -3.85300   52.50800
   -3.93100   52.42100
   -3.95300   52.38700
   -4.04100   52.26500
   -4.20600   52.19800
   -4.41600   52.11000
   -4.59200   52.03500
   -4.80200   51.97400
   -5.00000   51.89900
   -5.15400   51.85100
   -5.11000   51.81700
   -5.07700   51.74900
   -5.02200   51.69400
   -4.97800   51.63300
   -4.94500   51.61900
   -4.93400   51.60500
   -4.82400   51.59200
   -4.69100   51.62600
   -4.52600   51.72200
   -4.36100   51.77000
   -4.29400   51.74900
   -4.27200   51.70800
   -4.25000   51.60500
   -4.18400   51.56400
   -3.96400   51.55700
   -3.83100   51.63300
   -3.77600   51.64000
   -3.72100   51.61900
   -3.65500   51.55700
   -3.54500   51.46800
   -3.44500   51.39900
   -3.33500   51.37200
   -3.18100   51.37900
   -3.07100   51.42700
   -2.98200   51.50900
   -2.86100   51.56400
   -2.75100   51.59200
   -2.58500   51.66700
   -2.47500   51.72200
   -2.46400   51.64600
   -2.55200   51.55700
   -2.70700   51.43400
   -2.83900   51.33700
   -2.88300   51.25400
   -2.93800   51.21300
   -3.00400   51.19200
   -3.18100   51.17800
   -3.49000   51.18500
   -3.75400   51.17800
   -4.01900   51.14400
   -4.03000   51.11600
   -4.11800   51.02600
   -4.29400   50.94900
   -4.41600   50.78900
   -4.65800   50.62100
   -4.86800   50.47400
   -5.04400   50.35400
   -5.16500   50.26300
   -5.32000   50.19900
   -5.45200   50.13600
   -5.50700   50.04300
   -5.50700   49.99400
   -5.45200   50.07200
   -5.38600   50.10000
   -5.26500   50.06500
   -5.18700   50.02200
   -5.09900   50.03600
   -5.09900   50.02900
   -5.04400   49.98700
   -4.96700   50.03600
   -4.91200   50.13600
   -4.71300   50.20600
   -4.60300   50.33300
   -4.44900   50.33300
   -4.29400   50.34700
   -4.17300   50.34000
   -4.06300   50.34000
   -3.94200   50.31900
   -3.80900   50.29100
   -3.71000   50.25600
   -3.61100   50.24200
   -3.56700   50.24900
   -3.52300   50.28400
   -3.44500   50.34700
   -3.40100   50.50200
   -3.36800   50.61400
   -3.31300   50.62800
   -3.26900   50.62100
   -3.17000   50.62100
   -2.98200   50.67700
   -2.77300   50.71200
   -2.69600   50.73300
   -2.60700   50.67700
   -2.50800   50.61400
   -2.44200   50.56500
   -2.39800   50.52300
   -2.37600   50.51600
   -2.37600   50.52300
   -2.37600   50.53000
   -2.32100   50.57900
   -2.15500   50.60700
   -1.96800   50.57200
   -1.86900   50.60000
   -1.92400   50.68400
   -1.70300   50.68400
   -1.46100   50.69100
   -1.40600   50.72600
   -1.28400   50.76100
   -1.26200   50.81700
   -1.26200   50.88000
   -1.15200   50.82400
   -1.03100   50.80300
    -.87700   50.82400
    -.83200   50.78200
    -.73300   50.73300
    -.54600   50.75400
    -.19300   50.79600
    -.03900   50.80300
     .17100   50.76800
     .38000   50.79600
     .70000   50.85900
     .92100   50.89400
    1.05300   50.92800
    1.07500   50.97000
    1.29500   51.06100
    1.47200   51.15100
    1.51600   51.27500
    1.47200   51.32300
    1.21800   51.33000
    1.02000   51.31600
     .79900   51.33000
     .78800   51.43400
     .70000   51.50200
     .76600   51.51600
     .88800   51.54400
     .92100   51.60500
    1.00900   51.66700
     .96500   51.70100
     .86500   51.72900
     .97600   51.77600
    1.09700   51.80400
    1.18500   51.77000
    1.32900   51.79700
    1.36200   51.86500
    1.34000   51.90600
    1.32900   51.96700
    1.41700   51.96000
    1.54900   52.00100
    1.69200   52.11000
    1.79200   52.34600
    1.81400   52.51500
    1.75900   52.69600
    1.59300   52.83600
    1.41700   52.90900
    1.27300   52.94200
    1.03100   52.94900
     .79900   52.91600
     .63400   52.90200
     .53500   52.80900
     .44700   52.74900
     .36900   52.79600
     .23700   52.81600
     .13800   52.82300
     .11600   52.82300
     .11600   52.82900
     .18200   52.92900
     .28100   52.98900
     .32500   53.02200
     .40200   53.08800
     .44700   53.15500
     .44700   53.26000
     .38000   53.32600
     .27000   53.40500
     .16000   53.46500
     .10500   53.52400
     .00600   53.55700
    -.11600   53.62200
    -.24800   53.70000
    -.17100   53.72700
    -.06100   53.65500
     .02800   53.61500
     .03900   53.61500
     .06100   53.61500
     .14900   53.60200
     .25900   53.59600
     .27000   53.60200
     .22600   53.77200
     .09400   53.83700
    -.07200   53.97400
    -.13800   54.12900
    -.24800   54.24600
    -.25900   54.24600
  999.99900  999.99900
   11.16300   42.41800
   11.13000   42.52400
   11.09700   42.62200
   10.92100   42.78400
   10.79900   42.87300
   10.60100   43.01100
   10.54600   43.05900
   10.55700   43.15600
   10.50200   43.30900
   10.35800   43.55800
   10.25900   43.76500
   10.22600   43.92500
   10.17100   43.98800
    9.86200   44.08400
    9.65300   44.17100
    9.31100   44.32100
    9.12300   44.39200
    8.94700   44.42400
    8.79300   44.42400
    8.62700   44.37700
    8.56100   44.35300
    8.47300   44.32100
    8.44000   44.24200
    8.35200   44.21000
    8.31200   44.15600
    7.60600   44.15400
  999.99900  999.99900
    3.17700   42.43400
    3.27100   42.26700
    3.32400   41.94600
    3.15900   41.79000
    2.82800   41.62500
    2.46400   41.46800
    2.22200   41.29400
    1.90200   41.21100
    1.50500   41.09400
    1.14100   40.99400
     .92100   40.78500
     .92100   40.69300
     .76600   40.57600
     .54600   40.36500
     .40200   40.18000
     .25900   39.98500
  999.99900  999.99900
   -8.13100   43.42400
   -8.14200   43.52100
   -8.02100   43.65700
   -7.77800   43.70500
   -7.60200   43.72900
   -7.41500   43.69700
   -7.13900   43.60100
   -6.78600   43.55300
   -6.41100   43.55300
   -6.03600   43.56100
   -5.84900   43.63300
   -5.62800   43.60900
   -5.28700   43.53700
   -5.07700   43.52900
   -4.86800   43.48900
   -4.47100   43.43300
   -4.15100   43.41600
   -3.79800   43.43300
   -3.55600   43.48100
   -3.34600   43.43300
   -2.99300   43.39200
   -2.46500   43.34700
   -1.79100   43.37400
  999.99900  999.99900
    2.54100   51.09200
    2.80600   51.13700
    3.00400   51.20600
    3.22500   51.28900
    3.40100   51.33700
    3.51200   51.35100
    3.53400   51.35100
    3.57800   51.37200
    3.71000   51.37900
    3.84200   51.31600
    3.89700   51.30300
    4.06300   51.35800
    4.26100   51.37200
    4.33800   51.36500
    4.28300   51.39900
    4.15100   51.41300
    3.97500   51.39900
    3.87500   51.42000
    3.94200   51.50900
    4.06300   51.52300
    4.31600   51.56400
    4.50400   51.62600
    4.82400   51.67400
    4.93400   51.71500
    4.85700   51.75600
    4.71300   51.71500
    4.63600   51.70100
    4.47100   51.70800
    4.32700   51.74200
    4.21700   51.80400
    4.21700   51.90600
    4.22800   51.94700
    4.23900   51.96700
    4.25000   51.96700
    4.28300   51.99400
    4.29400   51.99400
    4.35000   52.04200
    4.41600   52.08300
    4.49300   52.14400
    4.63600   52.25900
    4.69100   52.44700
    4.76800   52.67600
    4.87900   52.86300
    5.00000   52.94600
    5.02200   52.92600
    5.09900   52.82700
    5.22100   52.75300
    5.18700   52.70600
    5.06600   52.68000
    5.02200   52.59200
    5.03300   52.48500
    5.01100   52.41100
    5.09900   52.34400
    5.23200   52.31700
    5.39700   52.29600
    5.56200   52.33700
    5.71700   52.40400
    5.83800   52.49900
    5.84900   52.58600
    5.92600   52.65300
    5.93700   52.70000
    5.89300   52.73300
    5.80500   52.78000
    5.71700   52.86000
    5.57300   52.88000
    5.41900   52.88000
    5.40800   52.94600
    5.39700   53.04600
    5.40800   53.15900
    5.47400   53.23100
    5.68400   53.33000
    5.84900   53.38300
    6.04700   53.40300
    6.23500   53.36300
    6.35600   53.39000
    6.41100   53.42900
    6.61000   53.44900
    6.76400   53.42900
    6.86300   53.39000
    6.99600   53.32400
    7.08400   53.27800
    7.08400   53.24500
    7.35900   53.29700
    7.44800   53.19800
    7.48100   53.19200
    7.43700   53.29100
    7.34800   53.34400
    7.26000   53.38300
    7.13900   53.39600
    7.06200   53.41600
    7.05100   53.44200
    7.10600   53.52100
    7.18300   53.56700
    7.23800   53.65200
    7.42600   53.68500
    7.73400   53.71100
    8.02100   53.67800
    8.12000   53.57400
    8.15300   53.44200
    8.27500   53.44900
    8.28600   53.56000
    8.42900   53.53400
    8.52800   53.39600
    8.62700   53.31700
    8.58300   53.40900
    8.51700   53.54100
    8.51700   53.61900
    8.52800   53.73100
    8.56100   53.78300
    8.62700   53.85400
    8.73800   53.84800
    8.88100   53.85400
    9.03500   53.86100
    9.06800   53.88700
  999.99900  999.99900
    4.99600   43.38900
    5.06200   43.41200
    5.05200   43.45700
    5.00600   43.47300
    5.01900   43.54900
    5.04500   43.51800
    5.10900   43.52000
    5.12800   43.47500
    5.22100   43.47600
    5.22800   43.44900
    5.14500   43.39500
    4.99990   43.38600
